2717,6.192563157901364e-06,3.878181566394186e-05
1,0.0001860543801954897,4.2839219774094446e-05
4849,6.409654963401229e-05,4.8375100794457026e-05
26973,0.00015926350227528962,1.3564287606078531e-05
23500,0.00020238444909828125,4.53816177509563e-05
79844,5.582200629233396e-06,1.9043334495896643e-05
25926,6.789515404850409e-06,1.4992061545109264e-05
56623,0.00045759248650481836,7.758475882415792e-05
1770,6.8031537676272246e-06,1.53513241144763e-05
3746,1.6466487640922708e-06,8.057353851226202e-05
1643,0.0010683705283625622,8.330185331948986e-05
26108,0.00030846469690064135,3.162716972586943e-05
1809,9.928832522535759e-05,4.1868247743266805e-05
79095,1.0768686183139681e-05,3.8839264353852514e-05
9625,2.252401314051018e-05,2.26267131420612e-05
56905,0.00038241444119653176,2.3096855899376293e-05
1364,7.824865973037325e-05,3.129610257112569e-05
10478,1.1793110721787068e-06,1.9447958079765187e-05
84441,5.133687724020732e-05,1.766589256649271e-05
7818,0.003600934502650005,4.0781052628628914e-05
3125,7.065664720127944e-07,0.00014900220938370522
9841,0.0003168489669707206,4.228157957716462e-05
51069,0.0007320330926071188,0.00011050977994108755
100294277,0.002830830638382263,0.00010385079430178167
2271,6.079207115578017e-05,2.7270546061350124e-05
6696,0.0004901505977395163,4.48428080527084e-05
57519,0.00048619305119813373,8.420015640967869e-05
122042,5.750864486611919e-06,0.00010284291241154588
2192,7.70024539765343e-16,2.1451776551566206e-05
85397,0.00010608047148057588,0.00018910310077140468
84365,3.6577393036837253e-05,0.00010367183874961249
786,0.00012572235015754295,0.00010115784709571502
2739,9.086401893248168e-07,1.4651606075560547e-05
145258,0.00014737524287382472,3.089847142544427e-05
80143,8.886995098743568e-05,1.792682782065562e-05
23230,0.000369888121098121,5.854791963668022e-05
55509,2.646913420402044e-05,2.7274244291783227e-05
7639,3.1519067804001653e-06,3.0400734642305265e-05
4632,5.503205173544054e-05,1.6030449944713514e-05
4000,0.002882773500015524,2.1372433174207415e-05
7809,4.648283360228363e-06,0.00025329040486195286
6319,0.00014252394970353134,2.6393023606859455e-05
10799,6.628363914611559e-06,8.095248627875757e-05
5129,0.0005392722593226952,5.144847617514322e-05
284217,4.2427731167206654e-05,7.556421887239636e-05
89870,0.0003380729710225319,0.00010506064467349955
6907,0.0004165379035736318,5.3234434782677863e-05
147007,1.3901961241297927e-06,8.277162101115186e-05
8601,0.0008094019648989367,2.469198117332925e-05
7062,1.820440296181921e-07,1.7414971010271216e-05
239,4.967884075590348e-05,3.892287572497303e-05
3983,0.0010480798682630178,7.198004382964629e-05
58493,1.5323533941971114e-05,1.53513241144763e-05
161176,5.621608342049014e-05,0.0006391969355496978
125919,1.0709018342598464e-05,1.6115623823344026e-05
151742,3.555911708432518e-05,1.505986491070542e-05
256957,1.2278961014398129e-05,1.3942594543198397e-05
9487,3.3674321956411406e-07,1.5112186786921051e-05
147495,3.909910728411939e-06,6.314547505343547e-05
84619,0.0011519758474139014,1.4571164154916284e-05
8490,0.00011947717539534406,0.00012066305529694962
7430,0.0019779327585350342,0.00032449164841508675
84929,6.777483761464348e-09,2.074455305468693e-05
51266,1.8629688438531857e-06,1.486804092128747e-05
11006,3.1335539920353066e-05,2.1021609454663264e-05
339403,4.049653439697846e-07,3.853148154345589e-05
6448,0.0003518642481953136,5.689396428786871e-05
23125,4.617879345097964e-05,2.1663260977805466e-05
1737,9.301879939628828e-05,4.826442113384377e-05
31,0.0005077368266166454,0.00010046977620588905
2624,0.0011057627812422277,0.00016987552264909967
117154,1.8173811537184666e-06,5.3838599033888054e-05
9187,0.0003722530016114094,0.0001688990698985909
81888,0.0002547798995989613,1.8493876531378036e-05
8366,0.0014407437574267144,0.00010919917758388379
5232,0.00014242989813913488,4.5263693909261415e-05
54932,0.006093234158586228,0.0002179310972075401
11198,1.2111637033544703e-05,2.511030296341212e-05
266747,0.0006597938447288097,5.824639210434265e-05
25837,0.0002942350886539696,2.7108423265839843e-05
22885,2.5816939726321306e-05,0.00010428577994186732
1595,0.0007570336932015723,6.576085269814696e-05
65990,0.0005784220326018165,3.798915414235764e-05
55824,7.16604678701878e-05,6.921553083869292e-05
196472,0.0006373666150738983,1.5401181425242173e-05
47,1.898998900639443e-06,3.353159903195791e-05
57663,4.786064352369888e-06,2.757330674512091e-05
7221,0.0004463535007718995,0.00037574495136154197
23373,0.0028042651322185376,0.00013076294552713964
7874,0.0009384192482175335,1.7570858609805463e-05
11098,5.8167410453045644e-05,2.1673201288420977e-05
81706,1.309888772014529e-05,4.492422413715281e-05
7423,0.00017317004301410505,6.176757629133389e-05
2212,0.0028042085341698614,4.089720386332991e-05
9219,8.063597220085193e-06,1.948214552046857e-05
442867,0.00048721325292365095,1.965122981241391e-05
8621,8.816326638016806e-05,4.949357535667336e-05
81603,6.598077832800383e-05,4.6126265878984836e-05
54855,0.00018436140933241152,7.28945173048464e-05
64689,0.0007262983980053986,3.903118331120672e-05
3777,0.0003110561210823893,7.83922389968566e-05
4916,4.7531317508998364e-05,1.825340039805478e-05
55088,0.0003787861488531293,2.102667304608148e-05
64332,0.0003384226826698963,2.3658668327601536e-05
26097,0.00013461586362408946,4.039878691971507e-05
5096,0.00012731796665964583,2.0601834980414347e-05
22,9.1470685878421e-05,0.00016044884034374315
4782,1.971751191154938e-07,1.8458672057367417e-05
4498,9.921954210008477e-07,2.8612910704045298e-05
4276,3.9691983053605703e-07,3.9129664456136994e-05
221786,0.0002564147516779474,2.2620080462945894e-05
5091,0.00011503792409344412,4.578443377742496e-05
90462,1.945306729132296e-05,4.627287230143511e-05
79038,0.00021807374144020475,7.862388212391128e-05
23594,0.0004537968896555687,6.568434951044735e-05
9532,0.0016629046665818813,8.206998904622794e-05
22926,8.424076938879907e-05,4.9193979003908596e-05
85280,0.00012749591436131882,0.00011132792863799167
84247,5.893329042484582e-06,0.00017689103650049993
4781,3.7743606325662243e-06,2.479202864075154e-05
4883,3.388815026683832e-06,3.2259404188686044e-05
83692,6.448194164491354e-06,1.628936905353495e-05
5092,0.002666691648621888,0.0003345287103630819
2990,3.7114796193322126e-05,7.80018972166019e-05
4983,9.417677258848994e-05,2.121284722176735e-05
9060,7.561897441948148e-05,0.00010692791583625426
5636,8.531737941322788e-08,2.8081643702704998e-05
26019,0.0035098872220319047,0.00012768681056763397
2060,0.0006954614771627477,0.00015516181630105872
9252,0.001404816605352239,0.00023460553531670853
10693,6.2344747260607545e-06,1.4264213323196988e-05
8818,2.1860624002257268e-06,9.434802667547982e-05
1603,0.0007547255097023902,2.2758886064688623e-05
4204,0.0006279290083690708,7.208314025696444e-05
256309,5.805958184359642e-07,1.616781200220819e-05
6944,0.0009539037672257629,0.00013343317023002075
23150,2.4820248059048626e-05,6.198324969255662e-05
1021,0.0020445152512534592,0.0002100588887957733
9082,5.76240205424351e-05,1.4152080197399709e-05
134147,0.0009366662230898201,3.1188690860530486e-05
347918,7.3385322875990175e-06,3.5494725528894764e-05
5208,0.0007906917152039288,6.792013552497929e-05
5888,0.0010396919207158312,2.5659642541588535e-05
4594,3.376095183061765e-05,8.344966511858897e-05
7336,0.0003798331298646154,8.1863207599435e-05
84942,0.0002238089484122855,3.232224053545039e-05
54520,5.751940109291284e-05,2.5664928353547048e-05
5037,0.0012561977051413664,0.00010315252233734789
10477,0.001903874770287973,0.00017844874993311476
3337,0.0007701647760630026,0.00013132590157641813
4131,0.0026822535836550647,0.0002508769716335089
283820,1.6856369863159454e-05,1.4730890531955267e-05
130162,1.3933656787345153e-05,2.1496276397122748e-05
115509,0.0013989513016475967,1.8526802462751662e-05
166647,4.461435607245623e-06,1.4790929424787084e-05
9618,0.0008801013751732668,0.00023693339039937907
10980,0.003560733480044104,0.0005094915126263249
7139,7.796343580156205e-05,3.583271830862755e-05
9217,2.5717204196045087e-05,9.812994986940123e-05
6584,6.522761821030725e-06,3.400813722398637e-05
328,0.0014940498850749156,1.7639968805370557e-05
29796,0.00013483177163085353,0.00014444678657039338
22934,0.00036635462436735436,0.00011257242588804657
2778,0.000281568093963416,0.00017543633884156855
89858,2.6602462280109433e-05,2.221352707711251e-05
3868,0.00032318521254450254,4.9872170540725604e-05
6855,0.0002777507915310862,1.5719388614563448e-05
166785,2.131651470825096e-07,9.712142539223524e-05
3059,0.0005996446682634107,2.0344855389608904e-05
10333,8.075618401866716e-05,0.00010906387826642151
2869,0.00022167155822471856,1.4900250274926902e-05
29104,6.0697604453340125e-06,5.298380936720274e-05
9253,0.00043921024804810906,2.0647774920665228e-05
6277,3.160464126022168e-05,1.558031047929069e-05
79633,1.6366638845872455e-05,7.605439139330682e-05
914,0.0007109541664983052,6.068220777847555e-05
7408,0.0006940962235176283,0.0001846420170331771
2978,2.8960794083188583e-07,1.5184595927123483e-05
64802,8.562198063583638e-05,6.250357870112925e-05
3792,0.0003936371821948125,3.8003113939867885e-05
55900,4.705394038391223e-05,1.788296171215096e-05
10658,0.0004010413041750888,4.756819348322424e-05
1912,0.0019699901638922496,0.0002657728470376968
30011,0.0013893522708584777,0.00024293783626930867
27315,2.04366029181396e-05,1.554011264005557e-05
8403,9.824025297149396e-08,3.305907838632538e-05
10106,9.602587958903052e-05,2.8631930888567267e-05
170959,0.00016465856611477288,2.410310911858507e-05
54511,3.189399064955089e-06,2.2684536199145765e-05
146279,0.00016428147032659148,3.879996918229516e-05
11338,2.261537611918889e-06,1.7470838626914874e-05
2948,0.0800557205678215,1.8316122486909852e-05
10274,0.0002150290577852564,0.00042956235944423586
7965,0.0004127770076159182,4.913731363639749e-05
26994,0.0025987159830076867,8.107625156829939e-05
23085,0.0014703588208660786,0.00017533243773423473
54954,0.0008376222164112034,0.0002579197434034365
11104,4.173555878720964e-05,5.43582541472479e-05
3273,2.731875892476789e-05,3.552610786983745e-05
1315,7.594050339562875e-06,5.56467932309818e-05
2529,0.0005561374965973733,3.640137876675188e-05
29979,1.8834615418451339e-06,0.00011962230627181924
55969,0.0010221586850808495,1.61235987040705e-05
4214,0.002369580726174058,0.0007704638442218237
23505,0.01817849941852915,0.00015850415395489176
26286,1.0967600708328761e-05,0.0003834698476741033
10153,6.151097042556708e-05,3.18143659552042e-05
127829,0.00024266013000859103,6.526598691712072e-05
10278,0.00027694897011264143,0.00010811801108679012
55690,0.0006284682570977457,1.4791632444586242e-05
151188,0.00024322822345727063,9.740057832792962e-05
55331,2.6731041260496415e-05,6.968316413222672e-05
3667,2.467634413722423e-05,2.1485757746319096e-05
10573,0.003079922567885345,1.495575538120614e-05
373,0.002697825529518005,0.0003133212654395723
83606,9.311586609102837e-05,0.0001437887753160821
26749,6.78734472938011e-06,0.0007043574858836627
7258,5.76240205424351e-05,3.509767923120474e-05
7167,0.0005937862298263226,2.178810046718076e-05
84294,0.00018117061334310875,1.4152080197399709e-05
3065,0.009293208378761198,6.793282761659711e-05
10678,5.098374708345829e-06,5.259064604760435e-05
129401,2.403895367008196e-06,0.0009044548338536976
55156,1.3807500209113852e-09,1.4677432439629002e-05
8614,0.0003854292410386895,2.9909707442790178e-05
9768,0.00019637838094336058,6.625296724794624e-05
114780,2.2429227531994065e-05,1.4179396856294291e-05
57092,1.3155402769494853e-06,1.5556475569097603e-05
84159,2.1832572081162783e-05,1.4502173306855237e-05
2114,0.0014264151085985656,3.627607233506863e-05
55720,3.2492757256532694e-05,0.00010854019393219646
55761,0.00025258046417073096,1.455295483600974e-05
723790,9.273639317554087e-05,1.889927399099399e-05
201516,3.196202675178486e-05,5.903073926192039e-05
219333,0.0005758440460946873,9.140867161069108e-05
1635,6.662159253699617e-05,3.379539247910992e-05
10993,1.1608278451564953e-05,2.076144642679323e-05
51085,0.00019727653038036015,1.4591798167302693e-05
26167,5.077196171778074e-07,2.817074685878609e-05
9175,7.235135088730645e-05,0.00022022204646825308
55696,0.04567170854158285,0.00019731035706234114
3735,0.024403550825199356,6.927170280836921e-05
5169,1.4597229019553728e-05,4.001934026265645e-05
10913,0.00039112771862076826,4.416293465925092e-05
51222,9.160644366814353e-05,0.00016122090495373717
1514,0.00015636096435172616,6.475934511550328e-05
1615,0.0016472897487582534,2.1335585208189604e-05
4990,4.505470205942611e-05,3.842604874111075e-05
778,2.8893755293417625e-05,5.298397711426114e-05
120379,0.0006841500023287335,2.3508708626189194e-05
90423,5.7266685113648e-07,1.732105916035695e-05
57127,7.861375371414536e-05,0.00011902129560202059
4023,0.0009611988947768926,2.9959444173798005e-05
1413,3.246485056228195e-06,0.00013503499528520665
64946,0.003007625968497803,1.854078974510887e-05
201163,6.2674010126034875e-06,3.8814847484365154e-05
51637,0.0002875627594203485,0.00011909331684213091
2968,0.0023740432320762395,2.081245913356096e-05
8637,2.0761124757730774e-05,4.0247279609284425e-05
4192,0.0014059479007800515,8.887819455936292e-05
9139,0.00042336364416743733,2.7986556054820898e-05
3607,6.289192585847327e-05,3.0993096584415006e-05
6343,3.8058747579068628e-06,1.4584939366449889e-05
53942,8.41155707935899e-06,0.00014698095075201532
2632,7.496773384212631e-06,5.7057855860053095e-05
9311,0.0001069351885661321,1.5074134947681564e-05
122961,7.22331380225749e-07,2.185058268462876e-05
3790,4.5195851842718985e-07,6.335643601489018e-05
3417,5.052311818034381e-05,1.7471543516956816e-05
375010,2.4032247961614125e-05,2.9103718045321233e-05
27349,0.0001561267072888487,8.200804822820164e-05
8894,0.0007134801970331573,3.465985693180992e-05
28965,0.00033230730963243173,2.7173219791873387e-05
223082,5.888080707972545e-05,0.00026534190750752246
162699,5.920372570672312e-05,5.304914696423533e-05
63915,3.792071635311216e-05,0.000171665974492791
8777,8.651900876704062e-05,6.282366993299722e-05
3420,0.0002520146547581529,1.572966270802725e-05
673,0.002275071984876437,2.1084451478071725e-05
9700,0.00013817062714836385,2.9526594369290542e-05
1846,0.00015318815201748433,3.146487525589564e-05
793,0.000154666935470442,2.8678163708674474e-05
84939,6.351677777744608e-05,4.4759946242158856e-05
5147,0.00012944582275376448,8.306670217764338e-05
57515,5.2947941149576254e-05,0.00010411372422977787
150946,0.00025258046417073096,2.9491624508487007e-05
171483,0.002392916960981119,0.00011935180313992807
3636,0.0004043748695149904,0.0005191003562884664
253738,8.767123594958902e-06,2.759100410428406e-05
26118,0.00028526340459953455,3.568891259484106e-05
6656,0.00014201133741518547,4.2942126647968496e-05
4645,0.0066571870269271785,1.7375679729012326e-05
476,4.229529297866273e-05,6.249913214836758e-05
8639,0.07401230708085219,0.00014108387782431957
6124,2.635426776951457e-07,0.00036457006100874454
100316904,1.569369172000052e-05,1.652970650416182e-05
10692,2.3730274736135258e-05,1.4862317368745482e-05
79370,5.121564294120414e-06,2.113552308307841e-05
55691,0.005164550238755651,1.4986661189861927e-05
1499,0.0014230310292036013,0.0008404497360585174
26999,6.550766757476669e-06,7.186836397667188e-05
730,0.001439572922607615,3.954746215483363e-05
10783,0.0006529958718656772,0.00024244223114470455
3688,5.1453295814881485e-05,0.0004814630240558956
80311,0.0002724495585033063,1.7639968805370557e-05
10489,0.0006760664363484825,4.4319400038518655e-05
9097,0.0028134165581907263,9.187765394889161e-05
116541,0.0003710140560059769,9.738470423906127e-05
4843,6.8031537676272246e-06,5.43901412683507e-05
10224,2.3149793905709295e-05,1.5311178971951127e-05
57573,6.381064688848241e-05,6.368711738874425e-05
90321,4.378806087640066e-05,1.4196438955463963e-05
10742,1.5169291584937937e-05,3.0432887426322517e-05
116138,0.00018730439521473516,1.7983881491965088e-05
23588,4.4987006941681573e-07,2.6527728519829327e-05
50515,0.0002149721570701354,6.359641081053128e-05
129563,1.1576284025930085e-07,2.3042887767941673e-05
124404,1.3495642416886213e-05,1.702341428194625e-05
342908,0.0003077458277125405,1.547009118141284e-05
84938,0.0006759309727532179,3.7065262085265794e-05
4942,0.00031166154275766506,8.880998938493417e-05
126308,2.2143169492543784e-05,2.1346775040354085e-05
90326,0.00041679537664937594,1.726287244176481e-05
25978,4.4996536144622026e-05,8.862793832257296e-05
23209,1.299804136284199e-06,3.5808782336522306e-05
114984,0.0003937064032732109,3.080990490337312e-05
440915,0.022906054607818544,1.9346712919955998e-05
7431,0.00027273779743677053,0.0007423882733068072
2561,0.0004043322597543867,9.304475122705772e-05
3151,0.000529818952371642,4.339553730613552e-05
1760,0.00029411800895488317,6.757884664491484e-05
729862,1.3639951810363235e-05,1.6670968369972698e-05
123688,2.6156369225852483e-05,1.9661472944987264e-05
55196,0.0028844788675651003,3.514212712026989e-05
26168,0.00029015935555724463,6.175301477748557e-05
1154,7.346570123678855e-05,5.736292610195943e-05
22796,1.6366638845872455e-05,0.00019974495303504562
6307,1.1841108253803906e-05,1.4517040463406887e-05
11068,0.0010526431087912115,8.937937745565007e-05
11284,0.0001698928534764841,2.8194093358022154e-05
3094,0.00097038669981965,2.8645580182876088e-05
55661,0.00823130896309358,9.845598717482046e-05
8443,0.0007102085371189721,0.00017822063051225792
2066,4.304658545352774e-07,2.4882336957285967e-05
6346,2.0347751233637702e-05,2.6731708080921854e-05
6758,0.00048367858329290164,8.131248969993312e-05
5293,1.040807722987528e-05,2.4415524619488726e-05
2526,4.122783703918477e-05,6.32726485174344e-05
6252,0.000995633449111236,0.0002090956366766806
9126,0.04663539057787517,0.0002563080676350743
10946,3.166798692679335e-07,3.22719219263801e-05
51099,0.0001536493158554832,4.947080175476019e-05
133,0.0011151918401182757,0.00012345241996856833
9266,8.618287629460189e-05,2.4723827025632964e-05
26054,4.6473309258997805e-05,3.2604831466488394e-05
26353,0.00043083619828290635,9.312598804483861e-05
145553,1.0771266599345847e-06,1.5204258502487129e-05
170463,2.429660724814239e-05,3.782382399135626e-05
53346,9.768826136432249e-06,3.19695372082636e-05
4049,0.0005048248811925023,6.469050605976387e-05
6764,0.0003714049115801112,2.4499730628131316e-05
23113,0.00016939868069878807,8.913147996064149e-05
2356,1.7862992788483522e-05,4.206950417049082e-05
284695,0.05050007369097868,0.00019097246776566846
9095,6.156122300757682e-06,5.6879773222995955e-05
90850,8.33063769627637e-06,1.3127474720426089e-05
91010,0.0002574973971655363,2.1587603017373172e-05
738,9.356252632177183e-05,2.997580077709454e-05
728689,0.0001457000722295506,2.110292717338842e-05
22848,5.102093090546307e-05,3.4039302098246765e-05
6870,1.4179335312294148e-06,7.50531150915449e-05
541468,0.0008322041880447164,1.4160210183646907e-05
8505,2.104918419171348e-05,6.136662029089231e-05
2286,0.0001849282612485111,2.8686461275024175e-05
221120,7.302799643181132e-05,5.489885733099068e-05
5008,3.016844611004885e-05,2.2918475618102065e-05
10280,1.754162524374963e-05,2.18467524124089e-05
1843,4.5248920023396345e-05,0.00028896815861875855
51647,0.03981615447352398,1.9028225800905586e-05
4236,0.0012445026825835797,5.795807752053693e-05
11329,0.0017711454210026275,0.00019916970658328663
23649,0.000512693182025372,9.971482990740515e-05
27005,0.00016949995547199434,7.489075595082357e-05
8985,1.5684992514604148e-05,2.7556990505088918e-05
271,2.7184540023544398e-06,1.4940907828806647e-05
23548,0.0016105488121936173,0.00013830642537431142
3020,0.0005354517772349894,3.2405136723629806e-05
2001,9.937799969240464e-07,2.93109661244623e-05
54878,0.008040466165596612,0.0012129062674688755
6667,0.00023023996820203886,0.00020343271908601794
5045,0.0005573686287985499,9.75851266199214e-05
5493,6.277806797578784e-06,8.806919843109682e-05
8321,7.977682944985378e-06,1.9420394819783394e-05
150421,3.570477615625161e-05,2.356747257159265e-05
51706,0.0009481578076729246,0.00016108549739274596
55758,3.626971214311874e-06,1.5738917499661306e-05
63979,0.04396086040321469,0.0003226832990695067
5976,3.258454822997287e-05,0.0001465579262348159
64321,1.0070278680580023e-05,2.0393083958350857e-05
49855,0.00019511190746797878,0.00019252466260311895
6616,0.00025258046417073096,1.4067378284126777e-05
10531,2.1280633836561264e-06,1.5994980447993602e-05
59067,0.00015300849554274998,1.4319184242563361e-05
3216,2.1959954513970574e-05,2.7090798128937255e-05
56271,3.1590139135904974e-05,0.00012686891698099077
813,0.00035864938283744355,5.1840738379223614e-05
4286,0.000205936401414776,1.9811383045226387e-05
3758,1.3360839811594047e-07,3.3313289879646956e-05
100294190,0.0007748285197531025,2.010278762447305e-05
6651,0.00012755092590115244,2.0566005180069297e-05
9875,0.00017026428384787635,0.00022521638834557305
54961,0.00031454566092608833,1.9977496176846675e-05
3198,5.781954058464665e-06,0.00015624364122488382
3445,0.001002797395693142,6.398291864747315e-05
1601,2.8231971548916063e-05,5.4078476134840254e-05
18,0.0004416572736563197,1.9043334495896643e-05
1950,5.582200629233396e-06,1.5269528050271216e-05
80704,7.799302659999374e-06,4.5357931283158764e-05
284486,1.4769923011241066e-05,1.4914266006319378e-05
4081,0.0018048584826032914,4.759206616744113e-05
8473,5.50956652386833e-05,2.3331231337786473e-05
5570,0.023102698720377353,0.0001784282313186331
11269,4.295189760608342e-05,5.952299929142052e-05
4070,0.00029853109948980934,2.913035901441733e-05
11108,0.00038140098231177104,0.00030071408833125127
3039,0.0003942796638371986,5.3949067228069e-05
10475,0.00016397703348486163,2.7965824164069087e-05
146845,1.4345188146485077e-05,3.3513845454917524e-05
1420,0.00021454342887992656,4.971362812944755e-05
9230,0.00044713828267651373,4.764238686245913e-05
4289,5.846023823709641e-06,1.865780636342828e-05
343521,3.125087994957001e-05,2.423105406867e-05
27242,0.00011302420175763873,5.3411266246544343e-05
83942,0.00044390767380679454,2.712779559655806e-05
23295,9.113340283646191e-06,7.85549074331133e-05
55176,0.0002746450269914406,7.999638707943094e-05
5145,0.0005410618839147951,5.881172835470914e-05
8266,7.181060835775208e-05,8.635680266486887e-05
10762,3.7520771514497586e-05,1.8982747826854453e-05
7364,0.0002521457791621629,2.6153520983456888e-05
284276,0.0003235034791753295,2.0567173704045764e-05
51088,0.0005893615791697787,6.964951314706135e-05
64784,5.154589844115011e-06,1.4852739453239901e-05
3024,8.891232730720477e-05,4.914395412950103e-05
201255,0.0010270131862443236,0.00010115245645349799
6495,5.941911283791009e-07,1.7750729927609903e-05
9656,0.002772416544032645,0.00021362024283851222
6565,1.31802013038676e-05,2.6845948990214927e-05
7159,1.7834806703328806e-07,1.6686725743927105e-05
2395,0.0007353453597527123,0.00010080516930284919
51374,0.0001406675273925935,2.986678938696904e-05
7168,1.5469536802690173e-05,1.762082967851885e-05
8908,2.5699007743387105e-06,1.613916048269965e-05
5669,4.127250815264411e-06,2.195642145767092e-05
79647,1.1698411240729003e-05,2.766526203977871e-05
9962,0.0008722585796909443,8.642852973426403e-05
27236,4.413556834007087e-06,1.592996809354904e-05
54532,4.082010053766422e-05,1.4472591104705063e-05
54441,0.00016994496567774838,3.777459887130544e-05
57404,0.0011997683400127614,8.107730908080631e-05
5630,6.045834229194725e-06,1.5031506530779417e-05
84466,2.40316960004543e-06,6.148604475393617e-05
55796,0.0002000089603195495,1.9645545970832284e-05
51259,6.2314098319485015e-06,1.593743982157929e-05
29948,1.9440006426092362e-05,2.272692808568512e-05
64386,0.0005173852999161913,4.7763894964587224e-05
23261,7.535812400324278e-05,2.3190718977987823e-05
7352,0.00010178147137469194,6.081324701282709e-05
1953,2.110742388373508e-06,1.495575538120614e-05
113130,2.467634413722423e-05,1.7257670420059028e-05
3123,4.065615671804674e-06,6.148268124996535e-05
8857,0.00015288309589557675,3.413858765109424e-05
2591,5.2997941590131536e-05,7.243360385857878e-05
8723,1.912049464567154e-06,1.4730383326358146e-05
338785,1.5445988164200032e-05,1.5975281587618517e-05
1235,1.8439892389266909e-06,0.0002582427339698658
23432,0.03858259688996372,1.455295483600974e-05
23460,0.00025258046417073096,5.7207076247647556e-05
79084,0.00034981093924024817,1.8175563458656355e-05
3780,3.4211344447619144e-05,0.00011739023545357118
93973,0.0006583209138543466,0.00019147152452424898
168433,0.0011464235510731076,0.00011928655989454145
79723,0.0023401473003549916,6.678534386575474e-05
2011,9.696281492748163e-05,9.738470423906127e-05
3304,2.1678411145964186e-05,4.613771311961418e-05
5837,6.358347043941596e-05,2.5128396538383103e-05
54557,0.00010469742221292015,0.0002341223598808878
57148,0.045644027118433496,3.75276076916442e-05
22899,3.603372637418646e-05,0.0002127541024251367
53938,0.0001350639521580219,4.049736885784372e-05
7299,0.03144219543252218,7.209742113884936e-05
79088,3.258403734590561e-05,0.00020553630364339938
6635,4.025153048637171e-05,1.879343254325714e-05
63876,1.1627573011913782e-05,1.4246882084378296e-05
5121,0.0014381506356475426,1.4904077739925566e-05
9562,0.0008832939536765871,0.00018416212972197728
5290,0.0008941404916751915,5.208500204159054e-05
5784,9.291502160188719e-05,4.972992919880572e-05
10724,2.91945116055514e-05,2.814631607724357e-05
4622,9.551641336952065e-05,3.888711306259513e-05
89781,0.00013877117541060956,6.234207414555026e-05
23256,1.5888572149593242e-07,1.968516882848379e-05
7214,0.0032485444731409543,1.880731824630239e-05
5967,3.1291740888837895e-07,0.0007957249867729064
56893,3.98415269595788e-05,2.3352263521181407e-05
64241,3.547625199490314e-08,2.2663675375197353e-05
549,0.0009755160936533913,0.0001149825291893678
6094,4.529354572437621e-05,1.4545945033689642e-05
57761,0.002811594316910582,0.00011880502127361434
56980,4.616194428584721e-05,5.5977980201835534e-05
113457,3.5580256280626934e-06,1.8335634154234275e-05
9947,0.00023112033180136007,2.4982274472090945e-05
3381,0.00011128105633356691,4.878850319613483e-05
146059,0.00018700035094235975,1.6791075379057182e-05
4620,0.00039826170824994476,3.4870495661232276e-05
87178,5.709694833517689e-05,3.1618654344036096e-05
1781,0.0029170108285263376,0.00017504209928120905
10190,1.8992154952680384e-05,1.6886669095049088e-05
84766,2.2250159133037424e-05,1.9029713639701668e-05
10382,0.0009018971854854634,0.00016548566005638497
51136,0.00024710853903336504,0.00022806340147393532
9900,4.180277105220437e-05,8.91250541151959e-05
641,7.781483956389865e-05,2.0904685135849992e-05
6938,0.05410917459335555,0.00030934016484184185
9527,2.5349732510983982e-05,1.7274568432664638e-05
6208,1.8346997149162327e-05,1.4932289887200889e-05
50964,9.178378630835934e-05,2.770984200530047e-05
221035,0.00015339855699268275,1.8561935099722654e-05
85476,7.844795359164378e-05,2.1799965722432614e-05
85480,8.273410046334759e-05,4.1572691467973585e-05
55769,0.0002587747424643697,1.755063868319681e-05
148066,2.192702038418948e-07,1.6300734056568903e-05
7268,1.741259298791743e-05,2.6394532720472063e-05
388698,0.0015414945622086811,8.89432602777515e-05
4256,0.0013006669044534677,5.484062305091097e-05
28962,4.8921913353244146e-05,2.2255669444898427e-05
9150,3.094674534785799e-05,2.2913956463103342e-05
1503,0.0006082047893070759,0.0001711723266563728
7633,8.1251403804674e-05,5.5998099093273695e-05
55857,0.0020683258058081726,0.0003480571112195125
7384,4.1331874740842905e-06,1.4661679597578613e-05
22906,5.60459420420754e-06,1.5695277205582034e-05
6303,1.3383627119337173e-05,2.548668527713952e-05
125336,0.00010428662039842934,4.271099606808416e-05
54838,2.470037022868018e-05,1.2837152954681743e-05
146712,0.0002528520852679405,7.088130636615883e-05
91252,0.0006687314250717054,6.318272912904656e-05
26330,0.00012527155226603093,2.2070575036688727e-05
23627,0.00015094162223523684,0.00014572752928439318
900,0.002419475612251061,2.695615396297287e-05
80022,0.000344977282887518,6.413359892764055e-05
5756,0.0013124638235733127,2.5963995108920347e-05
84164,3.5289883943905055e-06,2.9054787058208585e-05
23246,0.00022319251981431522,0.00010879376197365537
91746,0.001552987560518233,2.375860325163178e-05
7789,4.810320007247531e-05,0.0002442548276200812
64859,0.004630342033586791,0.00011557920323156706
55929,0.00038101983919283465,5.7542442102940986e-05
140628,1.1998444251266383e-05,2.6126886859082642e-05
5879,4.4851215539633655e-05,8.17929119671415e-05
54793,9.668410957193368e-05,3.9696577178996275e-05
1119,1.5948770653434147e-07,2.905505436405269e-05
10797,0.00028539480407026324,8.023054946215309e-05
2022,9.804481255158439e-06,6.200453561781018e-05
2829,0.0007518390913257774,2.32982133885266e-05
9712,6.05081678316631e-06,0.00017421126665334078
55615,4.585454111351657e-05,4.9508189802201165e-05
23770,0.0010041651369215759,1.4271182430968233e-05
55256,3.092756094453497e-05,0.0006257102398317573
26,0.0032540980587355975,0.0001479016619471847
84790,4.1218689924104965e-05,5.187820991174317e-05
91748,9.617440940519926e-06,1.8494671304650177e-05
84464,5.035461170237746e-06,3.804703456551021e-05
3676,0.00020544929934994988,6.865606916129331e-05
7593,8.553915579837462e-06,2.4925804397532436e-05
27295,0.0001508446223476145,6.13259458592534e-05
115653,6.629893247590927e-05,0.00016988541866917977
2569,0.00012642990754804957,1.4031090311893389e-05
200958,0.00035821303713531974,3.299579742093347e-05
54926,0.023241847410496338,3.091959406881528e-05
55748,0.00027379188364486416,4.261990341864324e-05
406952,2.0008706071477028e-05,2.5392770506899122e-05
6905,7.628097481371652e-06,2.2541035635149057e-05
340419,6.297059007862771e-05,7.182601405864025e-05
60312,0.001989864629285136,0.0002599666004321382
6683,0.00021025308467570341,8.485963483211496e-05
5274,0.0029867242312412307,0.00010643260801502057
5361,0.000622566651740247,3.0005850406509207e-05
3654,0.0001813791914010458,3.565056750366744e-05
54973,0.00029284108037007107,4.688253612897929e-05
91687,0.0002308207379732881,7.37821968925111e-05
23,1.9334163633577975e-05,2.169953844204004e-05
25780,2.532823187692181e-05,1.4631345144592378e-05
114883,5.61658707068222e-06,2.2412435926716875e-05
4923,0.07121479018011799,3.9345186171561664e-05
79612,1.216035349029561e-08,0.00032676297848816156
148523,1.6394657014897544e-05,1.5033618674568737e-05
7108,0.0748747930628298,5.86573859470167e-05
6158,0.0001394765848583144,2.1622562770155046e-05
414325,1.1679778056260192e-05,0.0006400560821115354
7644,0.0012764016359256849,2.4473566365589435e-05
4869,0.0001860122480429536,1.4678281417473664e-05
140290,0.0009372895843784549,0.0004079968085549677
3355,7.852972700488732e-06,2.7939707252588534e-05
27343,0.0005355094701654296,0.00016554196815902786
116154,0.00016012154704149055,1.8160686259651704e-05
84914,0.0003073015124230873,8.007838273526851e-05
92344,8.37757430981392e-06,1.558031047929069e-05
1827,0.0005844630246874695,2.8749730745373678e-05
5629,1.2896922789571144e-05,2.5122473766758874e-05
25925,0.00015859234614905095,8.512057671040315e-05
79092,1.3982561219306587e-05,2.237463420860173e-05
3092,1.5323533941971114e-05,5.274284367043189e-05
201292,4.404725388964812e-05,3.9553336481258355e-05
5116,0.0009713207402581362,1.53513241144763e-05
57019,0.0005994319787936233,2.67707378185475e-05
5549,8.057554157917695e-05,0.000319833262236698
142937,0.002768109683748454,2.871511243459508e-05
54658,9.198854445310452e-06,3.064585004365066e-05
3172,4.502599911996457e-06,0.00018783123693715236
23201,2.655184442751006e-06,2.538320847136774e-05
25901,4.4911631826537484e-06,2.8507245501260536e-05
7068,2.9680530037964705e-05,4.942019641152842e-05
337880,0.0003276158641524821,2.8307210361199226e-05
51442,0.0009637685833456173,1.9775778678282457e-05
55036,0.00015353345301116381,2.974371119947276e-05
151056,1.1519472446701402e-05,0.00011331999621480732
64121,0.0008448254406888245,0.00010529344659530805
91523,0.005839533243364811,2.870762821491679e-05
1479,0.0002574973971655363,0.00012680074813845653
23478,1.3495642416886213e-05,0.0004325223956047887
55114,9.861597193290253e-05,1.3127474720426089e-05
149371,0.0005728954588372379,1.547009118141284e-05
10159,0.0011606516920350256,1.4335010747632955e-05
5089,2.7118583164771556e-05,2.878734189638494e-05
1107,3.704658364308458e-05,3.558743932039547e-05
5673,6.714315259684113e-05,0.0003274571997793979
64173,0.0002127839608439926,2.433097602856838e-05
85417,1.3751172953005844e-05,2.6004866305434822e-05
5456,0.05669739127379477,1.689053967821275e-05
873,0.0011038661874150002,3.173980215698556e-05
10158,0.00014193583944834752,4.321635306161235e-05
344,9.80707135413761e-05,0.0002808612998705639
1847,5.733223422126349e-06,3.8918158007086435e-05
26259,0.0006258893813412262,2.5069485239141223e-05
7781,8.217240198921811e-06,1.9908064670513417e-05
22907,4.987137775609269e-05,2.127726399353532e-05
10011,5.113741346525938e-05,0.00014807908435119139
83786,0.0003807518170820056,1.8732796784669994e-05
22823,0.0007062831122680992,7.736104419571197e-05
283212,7.075314811340451e-06,0.00020242249367546426
9968,4.074576744379298e-05,2.7266057017808863e-05
10622,3.618871245352654e-05,1.848607866801074e-05
10316,0.007364205669593971,0.00014454121724943042
55300,1.0896712649855347e-05,1.5169219583617326e-05
57099,3.2660916360145725e-05,5.3842590623883084e-05
100291837,8.135694729738302e-05,2.76007469528553e-05
23543,8.682657581734302e-05,0.00011203964611533295
339324,1.1458756450643301e-08,1.457921220284715e-05
23522,0.0004905177743717479,2.2347998555806616e-05
55565,0.00015658870414656905,7.843841308253237e-05
10526,4.3499297594479914e-05,3.110810970946204e-05
23787,0.0002360710332683481,1.8246290875209764e-05
5031,0.04236027422415989,0.000127896536268307
9646,8.237442856650981e-06,3.483182827992229e-05
58190,2.173238884419824e-05,2.8080468922579327e-05
192134,4.065615671804674e-06,5.229120719356848e-05
57144,5.349318785950342e-05,0.00015615360514630272
3090,1.4787139295918446e-05,7.21454777221224e-05
149473,9.503175441836627e-05,3.780576755056827e-05
2740,0.0005951394671102601,2.4122711842075265e-05
5042,1.9440006426092362e-05,1.4661973345955776e-05
5150,7.574436833432111e-07,4.743876177536516e-05
4982,1.647069573578798e-05,4.04246931371275e-05
83998,9.138352932196427e-05,3.59630535925565e-05
10544,0.00014523104587868535,1.593743982157929e-05
57037,0.0007870823287762218,6.439867130575746e-05
55212,9.928847323707523e-05,3.1951872051463816e-05
10955,4.901563483391359e-06,0.00011259606332953358
26165,0.002029863371012485,1.9731977958616887e-05
2862,0.00046818113616498843,6.057381452008338e-05
5184,0.00015107899090929707,2.534271833786702e-05
2199,3.481781089922015e-05,1.5815464144387336e-05
30812,0.00025690637033917436,0.00011116653973174699
9013,0.0025200701386699155,0.00011465250061470891
9901,7.399682983704737e-05,2.422525289155151e-05
9056,0.0009867364189833643,1.4798588153203972e-05
92609,0.00021420191433206705,2.222147571606288e-05
6924,1.0562753297540419e-05,2.575696561423144e-05
9823,0.009489892155901949,8.757785925037791e-05
9745,0.0002370301835495268,4.4526672283623275e-05
50674,0.0013782682889542095,0.00014288624686306444
26190,0.00031012612561881833,2.783081290874069e-05
10294,3.3152211668837504e-05,1.4772967689793185e-05
164832,2.432377263514995e-05,0.000906551546553724
151648,0.0004211572858626704,6.241729005113079e-05
10133,1.1870221973224652e-06,0.0002793478398238556
5132,0.00018846543263418829,4.99373137482754e-05
63974,0.0006143660651089476,1.4380226695540474e-05
2932,6.588629947003106e-05,1.800973166761361e-05
4878,7.90172111474966e-06,0.0001053173939397872
2185,0.001924557182046494,3.221061108875826e-05
8733,0.0004697114049277907,6.959538104343105e-05
23167,7.272963280910887e-05,0.00010296930409313259
5067,2.687890217733952e-05,2.4546796318217325e-05
3984,0.00017091356301197262,3.9358536416476964e-05
9409,6.442256328813722e-05,0.00017695407052586027
668,0.00023332017517064014,2.0113290405149257e-05
10645,0.0011973325255064862,2.3237212173205774e-05
387923,2.2173137871521897e-05,4.702381732969249e-05
6392,1.0495349808901914e-05,4.9334465111265195e-05
7052,0.0005511237713490771,2.9540761423117315e-05
124540,1.2259539295510841e-06,3.73545575992607e-05
10042,0.00026420803718264476,0.00010302967292178694
155465,0.0003562821972065944,1.8421038479115993e-05
9468,1.257131259757028e-05,4.108526695731507e-05
55701,6.704149434123574e-06,0.00012002650639592525
23154,6.156122300757682e-06,4.918409293262735e-05
1613,4.065615671804674e-06,1.8203375137267738e-05
57626,0.00020870020382393083,1.280481719780489e-05
759,0.00017378713428921962,1.9276341836578043e-05
8910,0.00021491841188165013,3.183955397039223e-05
6773,6.401944617478584e-06,1.5066534711011885e-05
221833,0.00025392767167214985,1.7257670420059028e-05
91624,7.018018573992739e-06,2.0458513061862285e-05
23767,0.00010591849945016601,4.913299414812249e-05
730394,1.8214757858380618e-07,5.289595279698134e-05
735,0.0006589455853121186,2.824383219752145e-05
115950,5.4999186498636135e-06,0.00010807959859392102
255631,1.1821294361916004e-05,1.505853209845277e-05
25853,5.788571979529994e-05,2.8278823925148244e-05
9898,3.9530807939115136e-05,0.0003591185548784269
64320,4.654466073550409e-07,2.2100385920704388e-05
51475,0.0001384117330893806,0.0001654445401274541
8061,3.000228557593381e-05,2.5866671366158328e-05
53834,2.7282384789247764e-05,2.5161850806050685e-05
399761,1.1302241656036343e-06,0.00010290700579534818
440730,3.149345839567682e-07,4.9242684785115643e-05
64396,1.0020907968393844e-05,2.9904459750561793e-05
91319,0.0006015486012728049,4.6842579654790194e-05
5275,1.2615058897528793e-05,7.942345525083723e-05
26751,2.645979689398656e-06,1.4247527600728837e-05
53407,2.2030827515783883e-06,6.97945020125988e-05
56548,9.420732949168356e-05,1.880685358382177e-05
23029,0.0011713842337055702,1.94334135833696e-05
5833,0.0005623246065971094,6.485043037814273e-05
22874,1.1120050308459806e-05,2.906543070839316e-05
390616,4.6080209749314345e-05,3.0239283773241518e-05
9619,3.236591983360634e-06,2.525820958373529e-05
8742,1.9273607501883836e-06,2.6526409655780933e-05
84787,5.380813827810475e-05,1.6686569295655792e-05
135458,0.038928794044408056,3.4177367944103125e-05
261734,0.04244002496532868,0.00014692099236780345
131890,0.00028889142866445484,4.290748819298207e-05
29078,3.3035116812444955e-05,3.358981806149156e-05
200576,0.00019047581243207412,2.8450907042145203e-05
5050,0.0026515665279063286,1.662381024122659e-05
7453,0.000746842852079945,2.7699700291517812e-05
23743,6.580399857821561e-06,3.79811683262685e-05
57060,1.910250155528242e-05,0.00018027252724243765
11237,1.0709018342598464e-05,0.00025978698466442993
23598,3.720298559942282e-05,3.194814845218026e-05
84321,8.580525225149196e-06,5.273619243664171e-05
10285,2.720448108960442e-06,0.00020577630264817035
10659,2.467634413722423e-05,0.0001010467673557144
10563,0.00012717028490052555,2.7342169309410252e-05
490,4.8071406280606543e-05,7.707903643024523e-05
2962,0.0001800030977023602,0.00021050455952829393
267,1.4682805274278579e-05,1.505986491070542e-05
3357,0.0003365061352010641,1.4367299352608206e-05
160287,5.4182064023755384e-05,2.51560843750249e-05
197320,0.040914874590547684,3.861422013222196e-05
11105,2.504178672688795e-05,1.495575538120614e-05
54802,4.2319738786548796e-05,8.735538606959172e-05
54860,3.481781089922015e-05,2.522882759040921e-05
51195,0.000249359857450792,9.816333434597472e-05
81567,0.0002058490169369886,6.909418054758736e-05
140807,0.00016601360153403825,1.6729151822996346e-05
11235,0.0030110601028622576,3.712759695873771e-05
26580,0.00016341964916895157,0.0003625157956346663
84717,6.5603772118228e-05,2.190632307831609e-05
2897,7.603145146851303e-06,2.29263890879104e-05
11051,2.506511917704113e-05,1.4798588153203972e-05
80309,1.8185439422257183e-05,4.7303997210906106e-05
5954,0.00205247304425386,3.653482532491899e-05
54587,0.00040296526671708784,2.8554351422123702e-05
23397,0.0003771900863216869,0.00010989569059547966
55504,3.156709824587701e-05,4.611621550401787e-05
23474,5.2739701100840264e-05,1.4335010747632955e-05
23305,1.447362567459386e-05,3.23313614871659e-05
28973,0.00043311506048657335,2.362136756686313e-05
440,1.9486141257726446e-05,2.980802061387537e-05
3135,1.830537677578975e-05,3.456013639533901e-05
6614,0.00038240429321062904,0.00016186211436486185
6911,0.0001497656721868593,5.733299154070721e-05
26502,8.41416910009555e-06,0.00016703066158631677
5706,0.00013425505690428625,2.954253901782366e-05
1820,0.0003675880797184269,7.15562543714195e-05
664,0.00012911106407554563,7.381139030103775e-05
91522,0.0006345421036924878,6.998865079717632e-05
10468,1.9440006426092362e-05,2.285447500076294e-05
1286,0.00018846719784352381,2.481849678169425e-05
440321,2.052975515934603e-06,5.996364089521269e-05
642443,0.00023234452190975914,6.533264699740103e-05
22806,1.7512046592392175e-06,1.4947885679903674e-05
51004,0.03986552800674023,9.72352214234442e-05
55072,0.0005129586538165007,2.3237769978390737e-05
10007,0.00042596972785585816,6.856833268382183e-05
64927,0.00039368992097764383,5.427259397255068e-05
339451,0.0001057626866172774,1.593743982157929e-05
6476,0.0015454773304006517,9.75434599145654e-05
51566,0.00012952961767456796,1.383323796412565e-05
51734,8.731478672267586e-07,7.210871499201851e-05
5209,5.723345224214524e-06,1.53832734974602e-05
91807,0.00011566955465397449,0.0002199388860386663
140545,0.00033637940542423735,2.2780070527682705e-05
285489,9.778597571889843e-05,5.610531161672067e-05
3632,0.0003035733447823311,0.00010439425828068367
58498,7.539231501712908e-05,8.023996454517836e-05
1153,0.00021855722733698144,0.0001096808380679578
100289087,0.003079610882888567,2.4090136727191253e-05
7166,7.476677771999612e-05,1.552414697533763e-05
8988,0.0010058935742303181,5.71598715940386e-05
3911,3.7786636831087093e-07,0.00020491805319497076
10287,2.892916183343595e-06,0.00012118541285383972
60487,3.090114326594659e-05,0.0006083235682235924
80823,1.632943743541639e-06,5.1236547106198204e-05
55716,0.00036466968034398815,0.00016784755215406042
84812,0.00021710184036951593,5.43651565854145e-05
374654,0.001116220909360207,2.820765514996627e-05
5580,2.3305678103005586e-05,0.0003333694217342238
93649,0.040286814960265135,0.000516922033929406
1277,0.00018586919737332663,2.4573435640339476e-05
10208,9.868531706781944e-05,8.638944092266671e-05
56911,1.1640349331741131e-08,1.8054695657428696e-05
7091,2.1921901071775668e-05,1.6014911766298427e-05
5599,5.973593370326732e-07,1.6331057733151972e-05
1465,2.5805037328672333e-05,6.962604416845297e-05
54556,4.484660263636539e-05,1.9282400788808597e-05
54930,8.572424951418305e-06,7.808715321498203e-05
83475,0.001693511269245236,5.033876813063941e-05
794,0.00025826095119168164,0.00015899617003281487
144245,5.027356535161648e-06,2.2118094338503874e-05
55722,2.943117729680556e-06,2.840563028589505e-05
25957,0.00013252252759564357,4.977886626034495e-05
5495,1.034053353023411e-06,3.1899139515479465e-05
339366,1.3251747015779439e-05,1.7532564557393982e-05
11137,0.0006643761710336265,3.060675613610215e-05
51493,0.0006502903320117533,1.806243333813421e-05
90355,0.0001294110419799917,2.1308076576716722e-05
196441,0.00026143937955651423,4.749169680200266e-05
376497,0.0008170462898224028,2.223118539600648e-05
134265,0.00012070318573805266,4.786189236588088e-05
9108,4.35097581776624e-05,8.524802920852103e-05
85458,6.733160177203063e-06,5.607344200545513e-05
94,2.234530048012426e-05,1.5451885838986374e-05
5949,7.78701012013522e-06,3.505291816924656e-05
23389,9.054998753464464e-05,2.8536756805713678e-05
10331,1.14128484881816e-06,3.101822736183602e-05
9620,6.308520075800813e-05,5.5370419604353433e-05
55011,5.913178801672673e-06,0.0001029893249310207
26257,3.472909605923734e-05,2.4560817146918055e-05
6253,5.7675856826647216e-05,0.0001603231015395911
65084,8.840627118685235e-05,0.0001261850730362198
4758,6.098134819589398e-05,2.093142728169662e-05
171392,0.00027322338276180105,0.00023706569800240266
3691,3.4090883141401232e-06,2.5355205853034214e-05
4969,0.0011429373233623143,0.0005285625197657756
28984,7.2868266834199045e-06,1.8506454030835642e-05
9437,8.54179904371527e-05,2.1121665094320994e-05
65989,0.0003184093125506125,1.6430940134115776e-05
6953,2.1158016435397124e-05,2.4720251964203212e-05
201176,0.0002708387493869705,2.5808769031252244e-05
154313,2.7204072827031876e-05,1.8349417952109946e-05
29978,9.677518203238352e-06,3.4393767793439586e-05
79982,2.0214009508015978e-06,2.0130348195164313e-05
2220,4.0950519844998336e-07,3.312103062153687e-05
23541,0.0005442537762604283,2.2483419004886293e-05
5020,1.0453434587840628e-05,1.4919696462565492e-05
57786,0.0009052863357100656,6.930637669379946e-05
51042,0.00017701642806740496,2.9148985456828796e-05
4094,0.001931639387613738,2.6676904182679768e-05
55818,3.628896092812054e-06,5.3540112820308237e-05
8019,2.0201065987304547e-05,1.49538784854226e-05
5905,2.5180216420077164e-05,4.509737018085559e-05
10924,0.0013220997145854774,2.619927375549177e-05
7922,1.450555191417914e-05,1.4688907484033075e-05
2047,0.00033694262895954017,1.6457791127122544e-05
51337,0.000668451613159654,1.745268541963689e-05
11274,1.2453145607787508e-07,0.0003316105033559616
64746,6.211737657764197e-06,4.949521545966094e-05
8875,3.205656477420742e-05,0.00022899118310094362
57336,6.999302786963232e-06,8.714991242584369e-05
29923,0.00024612869023106905,0.00019628482542244325
79666,2.595029622091791e-05,1.5748016044060207e-05
8309,0.0001811107392880886,2.2928802914837418e-05
10758,6.519176238650681e-05,1.4849599064270297e-05
5140,4.841185543075809e-05,7.726643856127455e-05
534,0.0002840266730951253,6.49961362808271e-05
965,4.8473543995238685e-06,2.167029840002317e-05
6388,2.0047672578411706e-06,3.5086760955269224e-05
3980,0.000968850725701437,1.660597909823268e-05
5168,6.550308769411864e-05,3.686771300236894e-05
55576,2.1718358395702978e-05,2.307973044180592e-05
23569,8.062428939980041e-05,8.379995711454704e-05
392862,1.3388439027798656e-06,4.410677465855625e-05
2331,0.00042051321295458584,3.87173901662454e-05
10296,3.9761991575075256e-06,2.039723968903666e-05
53916,0.0007132319453292625,2.1462384494109815e-05
2551,2.564761667463716e-07,0.00019395314253355293
6259,0.00018289679185437595,7.723531386703616e-05
3037,1.9066341982272697e-05,1.5597844898555802e-05
7439,0.003858730812533893,5.790404723834816e-05
427,2.1161917551067097e-05,2.2909489716632162e-05
9351,0.00016257969292266043,2.6566333758360734e-05
221264,0.000113534140063632,6.339181867305487e-05
25927,0.001313310576878903,3.116481379371759e-05
9039,0.0001508348581072683,5.598042905467198e-05
79654,9.36746031160442e-06,6.628693892850662e-05
162681,0.0009657132038373694,3.03361255233585e-05
5271,3.6548584573326746e-06,0.00017017575235689426
1378,0.00011430910994962741,3.332139849760054e-05
8933,0.00013353106564285621,0.00017763655490358408
51265,0.00024984272979208447,0.00021003566332801935
79142,0.0002984010552548186,0.0005878271918367986
3622,0.00012573391109323135,1.3812907251330473e-05
6676,0.0068979269056781934,9.353971765393511e-05
1537,0.0015525201161047228,1.4424694996595357e-05
6289,0.0005774342682813188,0.00013680625082342887
9688,0.00017232934700511072,5.7723325626456e-05
56667,9.294383820535029e-07,8.968639225286537e-05
27347,0.0001588239576857604,2.515132932167076e-05
64805,0.00013373373324014598,3.078008861172489e-05
29904,0.0028905442140727856,1.6410061380464527e-05
51181,0.0013178794432031806,9.0985030391562e-05
137735,0.03449134060225478,0.001018576171466713
54474,0.001014419262381243,0.00018217108432688476
64218,0.041175126358688294,9.521002670233825e-05
10193,3.9803142054852966e-05,1.712545860389249e-05
1907,0.0005616608310105467,1.3236465363555295e-05
5891,0.002308372693519544,0.0001319679827730552
80714,0.00031237117410662585,3.8708479778504526e-05
2625,0.0005415902688535617,0.00011927181824015588
51490,0.004225210259483007,0.00023974541356388813
9112,3.481781089922015e-05,0.0005046039499924666
5909,6.573636115584036e-07,5.036206806436914e-05
79872,0.00010884287351999711,0.00018386100503655291
10712,0.0008800648929992363,3.320375085043139e-05
219,0.00010388708456872026,3.755590604839214e-05
51663,0.0013974731302340694,7.276857359861327e-05
6183,8.325261427685811e-05,0.00016031109077486744
4851,0.0008413629279392789,8.942306452894077e-05
10856,0.002842953533951516,0.00011342488248293078
3069,0.0002317018990554049,0.0001900490185674628
6727,0.000251313601792737,4.172578126674293e-05
5646,4.8070137157148375e-09,1.4798588153203972e-05
80185,0.00022403708573510872,3.83810235342194e-05
6502,0.00013372534173263157,5.759583682054291e-05
2101,0.0003619566065650434,0.00016981583717835978
2068,0.0059656767715160755,3.695499088586566e-05
23118,6.165587364292384e-05,0.00015029240431155855
79834,1.2851387289908263e-05,0.00013047053033542457
7416,0.00020420101590891732,1.773670627805857e-05
10905,0.0028134165581907263,9.743496163821851e-05
1495,0.00048422704189630256,0.00010787461365262385
9412,0.0028221843855162354,2.0960640451810467e-05
10439,8.290061534730124e-05,3.369322687506791e-05
9459,0.002573578009925135,2.509452505139969e-05
84311,8.248991852853978e-06,7.862234271603075e-05
22869,8.923516336257088e-06,5.072492701864473e-05
55111,0.001338647872235313,9.20816124442786e-05
4295,8.681815315996547e-06,5.013825285395071e-05
22866,0.0005554867183960783,2.6953498867466262e-05
3227,0.0001382923164490231,1.4314696836430217e-05
5571,0.0016446623211760834,1.5835289924391423e-05
55795,9.37552219182794e-07,9.738470423906127e-05
55089,0.00012962250525926065,9.801584460726011e-05
147040,0.001860908205355113,0.00010020982387252218
29093,0.0008574217086416243,5.110786135020791e-05
390535,5.7041159095914745e-05,3.790278286730986e-05
51081,0.0002148884515691231,1.9306990393541705e-05
3117,1.2397596048811441e-05,1.4964632953691493e-05
81030,4.953430780908046e-05,0.0001153830349565244
131474,0.004386527175917555,3.742771479528102e-05
10748,0.00015317476226473666,1.5228469331898814e-05
80279,5.714332632243509e-07,5.008053082555124e-05
84749,0.0018444903381264668,0.00010059758140267356
3806,3.258454822997287e-05,0.0002785460349679486
54822,0.0013434448776839852,1.6979390461351482e-05
93621,0.0004149875730254483,2.7433652968732242e-05
23641,0.0003634766171450615,0.00018306155264611676
81494,0.0026080051915197446,0.00024417994020207133
90990,4.9407651943576784e-05,2.9933175323199422e-05
1072,8.221217249456318e-05,0.00010879916527932373
6927,1.843011968085463e-07,1.5036968553056852e-05
83719,5.781917958848183e-05,2.423714720769485e-05
3630,0.00045079722224293045,6.726472899477124e-05
55572,0.0012501023124746162,3.8041514046472086e-05
55867,8.80609113786383e-05,1.6436231880713175e-05
6446,5.921519740985039e-06,7.656728866777135e-05
3804,1.4922716526485945e-06,1.445437309854457e-05
257054,7.813027260017521e-07,0.00018463817513926669
11033,4.852900807941215e-05,0.00015172819299716684
1015,0.0005398700890200166,5.478902621893037e-05
4638,0.0005460791680671274,3.419408902226276e-05
79005,0.0008237006791073701,2.0839751735627934e-05
86614,4.230269007379907e-07,3.9226501372109066e-05
8626,2.0335316984557724e-06,2.8152549722543257e-05
768,3.483002108938867e-05,2.4057833754139293e-05
7695,0.0008420791998453673,0.00010863359268907771
3257,0.0003198512833871002,0.00010536338625477627
57192,0.00030597774344802295,6.043874578760126e-05
57658,0.0001985293969219041,4.771045796503759e-05
995,9.066366631689322e-06,1.91035580019725e-05
151295,0.0015909641556605212,2.409804069848227e-05
6010,4.0060814643261256e-08,5.1489216056378105e-05
4828,6.65715626705415e-06,5.558689757810463e-05
23620,0.0030923256287369565,8.991831156677737e-05
26147,3.978501363549325e-06,7.78673395537876e-05
80723,3.0190843204355066e-09,2.3237044351853307e-05
402,1.630997396071423e-05,2.9007212794579597e-05
6103,0.0003158177659303877,3.613690028007315e-05
283899,1.4733913121469793e-05,8.421642262681123e-05
51433,0.00029252798621720664,1.7040586174266325e-05
84246,0.00041910121333537444,7.823905912643681e-05
3813,0.0005352785243872291,3.0275734705378212e-05
54443,5.713785556183496e-05,0.00011394321857140288
1002,0.0002751517825997606,2.2231182195347677e-05
83700,0.00013070249719161707,7.928307452153741e-05
10726,7.930007028271552e-06,2.3248258525967837e-05
57821,5.582200629233396e-06,2.0907279808251464e-05
1906,4.6166777816694685e-06,2.2576339652450613e-05
57045,0.010838060271408401,5.6320513273205896e-05
10575,0.00048766601992068727,7.753107582088508e-05
10899,0.0003373083926832184,3.2915577297662994e-05
651,0.017866134267520244,1.4574006623000438e-05
732272,0.0003874746123212496,3.832769918423735e-05
8633,0.019625339191971496,2.2174389714036247e-05
2938,0.00048794829824933504,3.700975131959275e-05
130,4.395781719540488e-05,1.7936748717737717e-05
7458,1.1012013322389354e-13,4.411565888674255e-05
135932,4.464520476342789e-06,0.0001474829038935194
7580,5.427889835083501e-05,2.6719669812121017e-05
199745,8.318521487312961e-06,1.9043334495896643e-05
9061,0.03950722548800061,2.0242216836608802e-05
56141,1.004464671020108e-05,0.000496694806240788
1815,6.397899823577044e-05,0.00023151397973397654
928,0.0003126637707915957,0.0001802666391879604
114112,0.0015868679906064327,6.275186680266241e-05
3814,0.0002712195586466647,0.0008855278477580352
339210,1.0851199959275606e-06,0.000131481668684632
10289,7.965672997281406e-05,4.409670594169439e-05
55699,3.1695414352614395e-05,6.686445381679364e-05
5868,3.3611540778849765e-06,1.4960089427273753e-05
309,0.0004542443366218148,2.4899494906031995e-05
10422,1.8677839798279997e-05,2.836699775779356e-05
5970,0.0004573050814898195,0.00024253604826529704
9246,1.3954460167833016e-06,7.488863543197674e-05
947,1.1763189929939061e-05,1.7306167604406692e-05
6019,7.967982667250715e-05,2.8555125293545907e-05
6957,4.703343875569758e-05,5.2742160218650986e-05
4355,8.912211004044702e-07,8.131302222676596e-05
115827,1.528488896522058e-05,5.825636271689065e-05
9128,0.00020958836638630994,1.5547878540419445e-05
8645,6.790317291148456e-05,4.713626400316334e-05
214,0.0010250008630250825,3.5309020061519574e-05
25793,1.043690559401509e-05,1.4593343521443835e-05
4528,2.852331965524292e-05,3.6581638329920844e-05
29903,3.514010597496364e-06,3.896958326355086e-05
646480,0.00014835862800801863,7.691152467253083e-05
151246,4.293504730863793e-06,1.5604811842734445e-05
5255,0.0008787363343279629,1.5051611251312677e-05
79012,1.8034573137729314e-06,1.658491932511834e-05
27240,6.053107413107567e-06,0.00011267573109347644
381,0.0006380310318196815,1.471621085016974e-05
3660,0.00028571976530362915,8.10491114211066e-05
4674,4.745175127101083e-05,0.00011848532639107336
57724,8.429621514855732e-06,8.285440981944685e-05
27248,4.272236910775257e-06,0.00012538286745374596
1278,1.5586132477432517e-05,2.9819257432202502e-05
130589,1.2941379131718052e-06,2.1399021744344914e-05
56241,0.0001937089697602844,1.6184691964206193e-05
1509,0.00028730908008305555,3.590383240726185e-05
260425,9.036168304039917e-06,5.6184749269264955e-05
6279,0.00013483177163085353,6.258028255727992e-05
9355,1.1841108253803906e-05,1.6853079820320705e-05
51660,6.983794970373936e-05,3.352809731849673e-05
55799,0.001998954988821787,9.435670097965834e-05
6531,4.4260246727495015e-05,3.614114754257579e-05
27306,0.00013047364907427334,2.1738025895116676e-05
8100,0.0002251700335831783,2.561448177592239e-05
5051,0.0008445713078513942,2.6273713908869884e-05
1122,7.90451505983562e-05,1.5825499811502202e-05
143884,7.227679020458698e-08,2.055322053795448e-05
51735,0.00029367168227423983,3.505120189106326e-05
119559,0.0012421803370464865,3.149885096082127e-05
1939,1.8228035156630094e-06,3.058728157338435e-05
51378,5.8419938672254336e-05,0.00014444678657039338
58504,1.487804634572621e-05,1.4517040463406887e-05
57624,1.4038862369437489e-05,3.346981212520597e-05
10954,5.181759277242588e-05,0.0001421555962199221
79840,7.0040080125474256e-06,2.5735562611195557e-05
9489,2.1214051794820396e-06,4.181585124882864e-05
4519,2.1940361811852102e-05,8.331159286784269e-05
22902,9.861597193290253e-05,4.541814964569313e-05
1113,5.601726492840488e-06,3.575315149966012e-05
4194,0.00016087121625077937,4.446066259041241e-05
79663,0.00010882053605148183,0.00022111754710755745
7984,0.00028433364151655435,0.00014206725829947093
3651,0.0006980195507670441,2.293640932691644e-05
9919,0.001039876246399336,2.9049118930413077e-05
8545,0.07359391935988487,7.946627703560351e-05
2585,0.000767226679595608,3.0909930487650484e-05
55540,6.468223139982335e-06,9.509447435536564e-05
5982,6.784487278558494e-06,2.0069935738653013e-05
404665,0.06877261519830272,2.9963573927387837e-05
283248,0.004094941180692447,4.015003418074381e-05
5149,5.2646677317760415e-05,1.4335010747632955e-05
60676,0.0009550052346044771,1.8782779432126897e-05
51606,3.274496636234165e-05,2.7190347766620096e-05
23574,0.001431443667197102,6.076064546321484e-05
3594,0.00034140105025626336,0.00018638685436075708
284358,0.0001307846085724979,6.42797315449171e-05
275,0.00022863374811047418,0.00010740791497267141
221908,0.0001652866496582245,0.0003453037980905905
63916,0.000416388381684428,1.4498178725934564e-05
23133,0.0002819781612379546,3.113214836872655e-05
1839,0.03067411772377171,1.604616791679049e-05
113878,6.415148174867943e-05,0.000358886680663826
6854,8.348505471845814e-05,0.0012209448035721913
10534,0.04213708407878907,6.736573750682403e-05
11224,1.004424045729642e-06,0.00017544899941013706
5439,0.00030872156156318644,7.243410965478484e-05
84975,3.170176064091654e-05,0.00017777788390329954
85345,0.0003389140300653845,4.037278500910469e-05
6222,7.999069454381798e-05,5.235706557891937e-05
125115,5.57875792775791e-05,5.898720807980004e-05
29108,0.0009626144594640022,4.248558745762277e-05
468,0.0005986555585497065,0.0006117363707456013
58484,4.172025253175015e-05,2.6129619170928135e-05
5934,0.0003396813184954772,0.00013561778550265537
9205,6.718845234596049e-06,5.656052976724993e-05
5460,0.0006497650427139787,7.987026994406963e-05
51569,0.00037919080955992144,0.00016697998793931872
8462,0.00012368836375361395,2.421024173646201e-05
8969,0.0002191712189144642,4.226061387517037e-05
7095,3.381434829994141e-10,4.979207735297331e-05
6171,1.5127708233806088e-06,1.5251576938051422e-05
353332,1.760398574807229e-05,3.943229726036483e-05
3759,0.002431196007429767,5.034242934719672e-05
83858,0.003756614368344655,1.9722091871329194e-05
24,3.062222403599966e-05,0.00011246227430230275
7064,0.00012382165108621555,3.973953373644213e-05
79023,0.0003248929728389994,0.00012007533994027832
124402,3.288620324290337e-05,3.6167877777299015e-05
9550,1.8432316597685329e-06,1.4983800034876087e-05
5192,9.072116531573568e-05,3.6739762518734645e-05
63928,9.914697040051978e-05,9.988922603092646e-05
57214,9.49947548449922e-05,6.0742933642402006e-05
4735,7.865812019915796e-05,2.851480609682182e-05
55268,2.1668626353138538e-05,1.5386985808982556e-05
9551,4.153764703778695e-06,2.137123794364015e-05
7141,0.04573527535989475,4.458404085564156e-05
29789,1.2212363749961803e-05,0.000840821558862385
9404,1.2342360806335766e-07,0.0002210282352881365
219287,0.0009933550915210661,2.8612386596174164e-05
2067,0.00014824671942663455,0.00010278485738514153
2691,0.00011023736283913677,6.654040803494447e-05
653394,0.0008895611446538002,2.1118190073882283e-05
89882,0.00010726483214972963,2.2526832551877185e-05
11030,0.0009845771364359961,3.181940437483472e-05
10284,3.7077412113676996e-05,0.000103256128380743
116840,0.0002613878042295637,2.1107502662141077e-05
122183,0.00043371424051434447,4.268172245754742e-05
8618,0.00041615774190837014,1.675375161474387e-05
3903,0.00025258046417073096,0.00024022810914542769
23600,0.0005450869038023725,4.009279121659614e-05
10391,2.878084189504707e-05,6.795785910963667e-05
6809,2.8154847049719237e-06,4.71433579682584e-05
81611,0.0016913710795539083,0.0002549000067220108
7857,0.00021278355574918587,2.6131500576739298e-05
81543,1.8171375727184123e-05,0.0002607960038018579
729408,1.4986823903302169e-05,0.00028481018528173926
56949,1.549147099431926e-05,5.24097210185249e-05
1548,0.0006300372750883504,5.6368603857310116e-05
282616,0.03179967604807684,2.238437954034776e-05
4999,3.8003965251024185e-05,4.922093763928371e-05
27165,7.729187240832123e-06,4.920810649692975e-05
2776,9.954994027520643e-05,0.0001409674543324616
10125,0.0002848173759486075,1.455295483600974e-05
10567,0.00021565168868432962,0.00012595054526344545
8643,8.433762439095381e-06,2.863220478951404e-05
53347,8.97575534135346e-06,1.5111908392295648e-05
285367,1.254206336243864e-06,0.000173940982008644
56852,0.00014804991426987197,9.501686740418586e-05
55827,0.0001624811451673489,1.4744821888776578e-05
64782,8.652749058440357e-06,1.5568064937661386e-05
56666,2.040623055584231e-05,2.4059217171696995e-05
5144,0.0009822100403737866,0.00014698787691684652
9123,4.857983986999254e-06,0.00028734194482913343
146225,0.001181412568532284,1.7625086973057433e-05
2648,0.00017787911284684519,2.3056887074393268e-05
4762,0.0003562246269456187,5.656892834099233e-05
56140,0.0008424935357961823,0.00011699356943432556
84916,0.00016484741219545946,2.327631037826953e-05
340719,0.0014012923178032715,1.8361413722713595e-05
2690,0.0018503339820692877,0.0001009421992254018
293,3.279511217108693e-05,1.5551373572858385e-05
54737,0.0001453423852185914,4.6972447273173004e-05
79901,8.941158517378729e-05,1.9405623797879292e-05
2027,2.8628425715919564e-07,2.6009415802729366e-05
53826,0.001530566146318141,1.4157418404608005e-05
149951,4.153764703778695e-06,1.8297500586867464e-05
57502,4.417963470416385e-05,0.00021210700441759024
78992,0.0002599474960234139,2.7691132411179382e-05
55238,8.847801643851901e-06,0.0001719606902964861
6546,1.337742473005827e-05,8.139326537053015e-05
122622,3.566374050377678e-08,5.88845693083656e-05
29895,1.2021249763833616e-05,0.0001151579274956996
8607,0.0004291937750374523,6.792406114330716e-05
6776,1.3495642416886213e-05,6.214552520252319e-05
3078,1.9440006426092362e-05,8.435447128906458e-05
3726,6.284312141082132e-06,2.884725789035149e-05
55668,1.4111270567105104e-05,2.5845551363943137e-05
57410,5.7438446898923464e-06,0.00012008948350752813
51176,1.0028997706671175e-05,1.675375161474387e-05
6385,1.1627573011913782e-05,0.00010955689133368681
8357,8.970455420097699e-05,0.00014976882228574513
9462,0.0005943089101310109,1.4252041083809882e-05
2878,5.617462982575174e-06,7.481186478130365e-05
2109,4.355304728473383e-05,2.7743082697907585e-05
6349,4.814161377020635e-05,1.9135575980717855e-05
4126,8.572069368263576e-09,3.7679015795239394e-05
2063,0.0006133783676596732,1.547009118141284e-05
2576,1.667607750321675e-06,1.593743982157929e-05
9456,5.941911283791009e-07,1.5700231977249193e-05
5861,3.614250707324543e-05,3.998527279058466e-05
80310,0.00026853862125804514,2.0032270418143614e-05
9179,6.258500660890775e-06,6.290425122678407e-05
2587,0.0007415682920213719,1.4904077739925566e-05
541471,0.0007171905072696375,7.21454777221224e-05
340061,0.00036208627633173117,0.00012850951357966164
91156,2.610324146888336e-06,3.665333416563862e-05
154754,5.134143054324227e-07,7.144729632090178e-05
6136,0.00013223814513533674,2.293864513074176e-05
116285,0.0004819065418642531,2.0714228755223997e-05
5875,0.00013817106417511523,0.00010257047481134957
1947,7.50899425996787e-05,1.527325101214386e-05
8215,0.0014407437574267144,1.7750729927609903e-05
133522,6.106243715746177e-05,4.746846728196383e-05
5321,1.3581369470042816e-05,0.0004653255559482409
205,0.0014408630196197391,3.0151936958740977e-05
5167,8.084466438825163e-06,0.00012366529542610092
148254,0.0004460077192872271,5.025610316874843e-05
388531,5.639782074237198e-05,9.27722025615719e-05
3454,4.50383271962761e-06,6.353679643834931e-05
7116,0.0005442847159285673,5.3807544232930926e-05
142680,0.00013430923970627506,4.334597079434791e-05
4107,4.54277822629541e-05,1.5243709750773944e-05
100124696,0.03048010096282819,0.00023386429951616311
3664,9.514002408630784e-06,2.706630194228959e-05
334,0.00025659263844806485,4.1621808091426545e-05
11184,3.787430871681929e-05,9.716454075568237e-05
55655,5.198714264705398e-07,0.00016438037185391693
6812,1.3135633346017375e-06,6.965702451559352e-05
1943,3.527334998390574e-05,2.6980186827445766e-05
6856,4.728824581331007e-06,0.00011240865221925481
3437,1.005565018588717e-05,5.227657691926275e-05
10361,0.001318053358699419,0.00011288388394240859
54540,0.00045585578830590267,3.4077352002277565e-05
1201,3.317484413008768e-05,3.356577786199104e-05
55823,7.592546558524885e-05,2.0460461589995834e-05
8365,0.0001613708628528854,6.805074995352235e-05
3133,6.428682906109324e-05,5.900187741999977e-05
9889,0.0005922666518798906,1.3814814747253342e-05
23198,7.941584237639842e-06,0.0002185074925780157
2532,0.0004611214787315149,5.748955149095213e-05
7319,0.0010355144980124004,0.00012524989119811283
255193,0.0003109713271275227,2.938574642794583e-05
54970,0.0027562954902078797,9.735116869964243e-05
3800,0.03723966350337232,1.7856031950435888e-05
9694,0.00013096446788463,1.9726420851432426e-05
8450,0.001234051286425792,1.644477208503253e-05
55327,1.9057508233969254e-05,2.3217778705158913e-05
6167,1.2742328892176574e-05,1.4629749142080084e-05
28978,0.001248063506210718,1.5401321736356073e-05
5916,0.004987646093320617,7.954691030606562e-05
348110,0.004260454870685062,5.040790358040791e-05
57531,2.7971787499711634e-05,1.6785103110703175e-05
100137047,0.00043511612712803335,0.00015024930224336966
114790,0.001953575332349046,2.1689622618467537e-05
441273,0.00044031479977664473,2.2437927483253836e-05
284427,0.0002082057404169825,0.00014356029673362166
25861,0.00025258046417073096,1.9304722387900837e-05
1729,0.08077367483694844,0.00013268636348482457
7516,0.000630088120635694,9.176807838610385e-05
1282,0.023115891559099735,6.0293589238169115e-05
23382,3.7383975109240984e-05,0.00045853933382562935
219988,7.199455274448547e-06,0.0006460981438509475
4656,0.00017672597607807497,1.4186842370547823e-05
10999,0.0005331326407626486,7.687061569686262e-05
322,3.810388578105e-05,5.435397884327326e-05
80314,0.00026478953633644805,1.4342854993861505e-05
3205,4.336196091040045e-05,0.0001352068257975102
7917,6.356406931706473e-06,2.9131754372466674e-05
6233,5.830579428284101e-06,0.0003633707896969301
113828,0.0002204691244941275,0.00032602013965635213
8347,0.0004235684377793347,3.748867734681486e-05
2266,1.1019646318719743e-05,8.45351664670618e-05
387680,0.00011075666558280627,0.00019655375549913545
839,6.731982602041796e-05,0.00010316174865946154
3692,2.962636458639449e-05,6.317497045538516e-05
5931,0.0019190036683765,1.455295483600974e-05
25913,8.365031781106067e-05,0.0005098357468725176
8502,9.382886347771725e-05,5.660259642433018e-05
9070,0.0002007919095087637,0.0002690637784838814
122786,7.502827140028505e-05,0.00024525724899770367
1490,0.000818870403563863,2.728582593661743e-05
9605,5.969155401582945e-05,1.9078728471107498e-05
6203,0.0005162687275503547,3.3911449769689016e-05
4071,9.302288065399437e-06,4.0017844748693244e-05
8452,2.69634440349309e-05,4.9065812757820395e-05
6118,1.332132598527013e-05,0.00012962372712017702
147912,2.0405380667670456e-05,4.904462033039572e-05
7373,6.268425856381562e-05,1.5076379298169514e-05
50484,0.000644835527289779,3.599344576119852e-05
389,3.3185705926032224e-05,1.4499590864767095e-05
84142,3.961857792832231e-05,8.834894925906139e-05
55333,1.078828131657843e-06,8.533342149243716e-05
4207,6.765385433366102e-06,3.442829548544074e-05
79363,8.63931329170148e-07,5.5883844959938545e-05
112714,1.4685800110106703e-07,3.797789765726753e-05
10519,0.00023596794608263765,2.725792401120744e-05
91647,0.00281597029226848,1.4909887000484466e-05
130752,5.083373873248608e-05,2.3888722018079922e-05
6091,0.0001575252393385031,5.002811114770654e-05
55182,0.00025258046417073096,6.587796513770876e-05
84688,1.309883850817079e-06,3.367353937295295e-05
7544,0.006665321854484592,3.349961008834905e-05
3212,0.050280823922749074,6.152696113140242e-05
399,0.0002694740217135301,0.00011952103037539568
3936,0.00028351740686004446,3.076439221593831e-05
11342,3.351660727685216e-07,1.8669234796355712e-05
84101,3.0972239100907356e-07,3.0026609245937883e-05
3915,1.0677264726722786e-05,2.1070221145085344e-05
875,3.1611215415766245e-05,2.0811273148027425e-05
1816,4.8114985045665005e-05,7.695104599773625e-05
91752,0.0001934957591939349,3.5976865770325266e-05
1821,0.0007025566130553468,2.9344308907174524e-05
55240,0.002038586766822836,2.142816648610867e-05
23586,1.411297571085793e-07,2.190478697065442e-05
79953,0.0003919840594471532,1.7189792151553365e-05
4234,6.0495137062053956e-05,2.02960020183285e-05
10817,0.0010495487833775787,6.149604490548399e-05
23082,2.9673246857870888e-05,2.2944618898792986e-05
3115,0.00024744643509502713,3.65751489112069e-05
623,0.00036081592306547666,3.9134029505687466e-05
27329,0.0003139627534940018,5.309646972364945e-05
221914,4.082010053766422e-05,9.134320613012729e-05
285135,7.98862238385749e-07,0.0003224012436052617
7136,0.0002215260979043918,3.941950918373697e-05
65008,0.0019138576063129557,6.036358964612989e-05
4978,5.679784523042402e-06,2.8676682658459934e-05
116443,2.7013229218418787e-06,4.6626381336413466e-05
2302,6.846695409821473e-05,4.74641678322524e-05
3627,0.0010246077033300711,1.7104213392938178e-05
9689,9.556155741703095e-05,5.0262052680458656e-05
6569,1.22241336113895e-06,6.419997250818508e-05
9047,4.065615671804674e-06,5.188423710214607e-05
3162,0.00023773361769225141,0.00012729188282773854
83729,0.00019605376076532022,0.00014503623759592595
1414,0.0003849230640370035,1.552659844562832e-05
3762,0.00036751920560708926,9.308237927721729e-05
53905,0.0022087189115696055,3.933390866522219e-05
10009,0.00043106931246013363,0.0001561296949808822
11336,2.1903768237138825e-05,3.57510705269976e-05
3459,3.4527911415567925e-05,0.00012298792378902636
23499,7.732352009657036e-06,3.293759431218656e-05
22948,1.1627573011913782e-05,4.386993452224829e-05
2646,0.00038512836687477686,1.4472591104705063e-05
10062,0.0007387089297207905,3.851315332012235e-05
11063,0.0006352742052240226,0.00010514412200007909
51035,0.010727392538596465,0.00023986627707774444
55092,3.006489626565119e-05,3.233084181704277e-05
92840,4.651429246560932e-05,1.562078613780628e-05
23406,0.00033201046076222296,2.082751512497303e-05
8794,3.4610982900324515e-05,6.636375789928022e-05
162966,0.0016983402976137802,2.116668135584643e-05
686,1.288754150078585e-05,2.0786276239942054e-05
4312,4.582028076278693e-06,1.7257670420059028e-05
135927,9.329394753615406e-07,3.4847145179358044e-05
10048,4.5502915675532054e-05,1.4730890531955267e-05
23207,0.00031914482680099864,3.7736790748996216e-05
10509,0.0003491572979092225,2.5434946838529264e-05
63943,1.0709018342598464e-05,4.431539168857718e-05
3891,1.2656018754623257e-05,0.0003687790217469311
1525,7.476414789669832e-05,4.526876802627852e-05
8821,4.204937200226518e-05,3.368395251823163e-05
317762,8.407988901006095e-05,2.662389440575272e-05
8927,5.3306161999873776e-05,3.894217725494121e-05
2730,6.825047366385952e-06,1.4904077739925566e-05
7941,6.298140062923555e-06,6.6456866999383e-05
9451,0.0020665766136345872,4.20261218714206e-05
9759,0.0007952523123382187,6.560306905176699e-05
1124,0.0005518638332550192,0.0002602238987213454
2258,0.0002293492234594554,1.9453193404288005e-05
81617,6.141867068970568e-06,5.007749736817362e-05
2719,0.0002157653579356203,0.00010143858390253628
6698,5.4698035986904405e-05,4.0891673517979024e-05
26575,0.0462188786246921,0.0009242365969152856
10008,0.00025258046417073096,1.9225054759605938e-05
4134,0.04025576421767104,2.442831418463101e-05
55258,6.2204551019738e-05,1.455295483600974e-05
83443,0.00019059363265010323,2.6390309777066777e-05
138428,0.042867517870657214,3.7302703787962305e-05
1944,5.391411051062275e-05,5.0554027851163064e-05
5589,0.03986719268871019,1.505986491070542e-05
10493,0.00017117072580716616,3.5495167163178066e-05
56477,1.3957922884397985e-05,2.8254891031529787e-05
386675,2.263932190824114e-06,9.161265664450788e-05
91662,0.00028483924280461035,3.0610111348205104e-05
55055,0.0006945644983752493,2.4300670712910214e-05
3060,0.0001224721302060605,3.605693818396809e-05
1470,1.6339396064407356e-05,5.9232730144846166e-05
221692,0.00023836747311979347,4.2881875984747696e-05
65991,0.0010761134326583083,0.00014220177964700747
162993,0.0005849608194861068,0.00021571122105613162
9289,0.0004537791759139861,6.849615663225246e-05
9735,5.4319113667849865e-05,5.5507257999115814e-05
6618,4.1376794451456455e-05,0.00030042870559686066
84632,2.3693577448391395e-05,1.4585707956661034e-05
7551,7.898850111437452e-06,3.669336658619496e-05
956,4.2996225738039324e-05,5.4344071565554007e-05
4158,5.829631837119061e-06,0.00021254122934037626
8289,1.6705602978942554e-05,1.455295483600974e-05
2972,1.0963721213971092e-05,0.0001172098692511486
5997,4.644594556772491e-06,0.00014725676389374886
204,0.00014732105401748792,1.4843533267409214e-05
27156,5.0757370875553686e-05,0.0004434044891034687
57819,0.00026121280673485425,2.4932540919427517e-05
1582,0.00017050156152269465,0.0004584665734384298
5927,0.0014407437574267144,4.859775835892419e-05
5260,4.654466073550409e-07,0.00027176738221547294
6235,5.2411393510765975e-05,1.3218893248158364e-05
7425,0.04335790086834255,1.91969540276586e-05
5327,1.418716523542214e-07,1.4372542468728683e-05
3007,3.743234106139115e-05,7.24647677985728e-05
10473,1.1944377419239733e-06,2.9942662794336364e-05
474382,1.1437771093146389e-05,1.4647601926413913e-05
10921,0.00023772389689170258,4.526174467319888e-05
2342,0.04572436521304683,0.00016560947710804924
11052,3.615394174581579e-06,5.0773682188963986e-05
221154,4.906528706166222e-05,7.809689500903339e-05
2773,2.00457000935913e-06,0.0002960965931660888
7746,2.3784697662063294e-05,2.6552276298507754e-05
5955,0.004600043355134691,1.885686527411131e-05
155,0.0003450944372365966,1.9198993868048998e-05
493753,0.07166840217649768,1.4808439622495603e-05
4744,0.00032753395238503956,6.216671663581445e-05
4140,0.0003718751362589462,1.539081292517514e-05
3855,0.00046062496178718177,2.215512638584168e-05
7294,2.408626650333062e-06,4.683001668066393e-05
92912,0.00011647247221597848,8.124783249901847e-05
64781,3.3245564022079554e-05,0.00011641199174702597
339230,0.0003239522479070447,2.0175400690096597e-05
2297,0.001560382718185344,5.971878125508205e-05
26059,0.00040620949603596777,1.6941511409603602e-05
3904,0.001337360795417489,0.00016025891234253145
2205,1.0928250365856672e-05,5.889799829127699e-05
438,0.0005774003989476133,2.531940812675494e-05
55034,0.00023182065105182659,0.00010919917758388379
22888,0.000600177183837688,7.942345525083723e-05
26137,9.252234398182548e-05,2.2507510579265614e-05
7155,0.00023238765833258376,0.0002064125327827584
29956,1.3443788601287602e-06,2.872360235028151e-05
152,0.000993118831277064,2.7420076754435976e-05
8364,1.7775863900212818e-06,1.6435317959047727e-05
9469,9.255954888620976e-05,6.241094203884479e-05
57338,0.0006839637660570727,0.00014076968989677665
9188,1.1047069523618415e-07,0.0002191877384421335
55808,0.00017281577754505337,3.212479244250086e-05
8912,3.32969851993742e-05,1.754713131159031e-05
9235,4.8986504391102515e-05,1.4272656797411907e-05
2592,8.295869662850015e-05,3.825075004062604e-05
5718,0.002618150520632254,0.00042697564056100025
51362,2.1993077945378312e-05,0.00034473535658818686
11227,1.324450008820141e-05,0.00014748481973452267
91355,0.000643456081881689,8.119588878023917e-05
340273,4.9432461772437495e-06,0.00011048449023730954
79879,7.00666084482508e-05,0.00011188066505466204
10987,0.00036811734169156746,4.634692764358495e-05
64215,1.3458819947899285e-05,0.00010780871402113041
6142,1.339536996291949e-05,0.00031400649647109387
259,1.4450740362974808e-07,0.00015189725041673917
51074,2.767236334123585e-05,5.11935903346288e-05
51019,2.155679308231165e-06,9.246825587666989e-05
9480,0.0006662116906663661,0.00013919413315799858
84129,0.0006545473134719751,0.00012456253804233583
1016,5.76240205424351e-05,3.668142723969824e-05
7805,0.04097166413705445,0.00018819520985559126
5686,8.154271640875595e-06,6.077297849761478e-05
372,1.59670408062451e-05,2.4961002125819818e-05
8569,1.646796969594914e-05,2.789393747666271e-05
1290,1.0264042844102534e-05,1.2803208520117254e-05
8553,0.0005550317613877132,1.609638367995707e-05
429,1.5803243178512765e-05,3.924019987580996e-05
1849,7.747320875565196e-05,1.5315519434761844e-05
3214,0.00020129588630963562,9.489988527698052e-05
58478,0.00019910839672598467,6.698209128542077e-05
28912,0.0006424790277980529,1.5864254479175223e-05
6818,5.582200629233396e-06,6.738106773657877e-05
5729,7.965122940481167e-06,0.00011115176244792844
23673,0.000670194507489916,2.6835268362315236e-05
151254,0.0006372063077615714,6.581040283940862e-05
79034,2.8238240477745264e-05,0.00024592529215384845
959,0.00025912001336228887,1.863004781833849e-05
64581,1.5871417151346294e-07,5.2770795719980525e-05
23301,0.00014387812711345833,7.603391546474024e-05
977,2.245199893473738e-05,4.0971902321949416e-05
8290,0.00015686779191340932,1.4651606075560547e-05
10367,3.570792355740673e-07,5.64648950518306e-05
2160,0.0008610657290307338,1.464342424930237e-05
54870,0.0001987341302134964,3.152583866362747e-05
6833,0.0026404768404961897,1.8982908691924168e-05
1178,5.5333333461278556e-05,3.611260995834134e-05
5523,8.914196193254628e-05,4.685788399747183e-05
84131,0.00014053391166194185,0.000140292317778639
2277,0.0006095769020794922,1.615349609452935e-05
28232,1.891078168868312e-05,1.4152080197399709e-05
9098,0.000341889525848608,0.0002471499922802756
6370,6.08522077169213e-06,3.625635913732053e-05
1789,5.5121984517295265e-06,2.9820726703092385e-05
84251,9.77760783222902e-06,1.826807638588046e-05
23316,2.4691790987134313e-05,3.741505974847589e-05
983,5.970275498924229e-06,4.002587171307645e-05
25962,0.00016632284992365123,7.873774479382774e-05
50859,9.977654661248217e-05,4.902186621285057e-05
10300,6.448194164491354e-06,0.00026314588540791577
54546,1.3540762020956822e-05,3.943903569789357e-05
79174,0.0004887788759116941,3.650984280384683e-05
6375,0.003898652848551059,2.6778160854643875e-05
10018,0.0019403494207675942,0.00014367385140931808
3996,1.9665130374807466e-05,1.9043334495896643e-05
339345,7.735479348693152e-05,7.965910972675132e-05
10017,2.6527946522819126e-05,3.1570345483365424e-05
10039,7.817160127008776e-05,6.290164701026863e-05
1373,0.00038252689121447706,0.00011847297706935374
114907,2.608888049828904e-06,2.762419547267034e-05
51310,0.00017859827355829686,2.2865489408264632e-05
7367,5.582200629233396e-06,1.9490744236219556e-05
10055,0.04150787994300252,3.691402325259898e-05
4605,6.52439954759263e-05,1.6954786589850946e-05
91526,5.582200629233396e-06,5.288732309294809e-05
80344,2.8892010996257067e-05,0.00017684745509050027
100049587,7.008812528675273e-05,2.6889842875043215e-05
24142,2.295235549936371e-05,0.00039064282062554654
7390,0.0015050611613080201,1.770478231093422e-05
51218,3.576250832614656e-06,2.389013070034104e-05
10886,0.000533090307105382,4.236051972189939e-05
3791,0.00033499698563162433,4.547362588480348e-05
79915,2.7822636344894535e-05,3.152744226408299e-05
7321,0.0005060481988836293,5.0403406793859765e-05
79650,0.00030522158089289287,1.4960679111605816e-05
10553,8.10713862279862e-06,1.54085551339827e-05
10332,4.982744174221764e-05,1.766795315124587e-05
1053,0.009561285536043677,4.981678125654801e-05
333932,0.0005779203906738401,1.5874669654448474e-05
340371,0.0005950784631469666,8.503123881118168e-05
11161,1.8171375727184123e-05,2.5393329480090528e-05
5814,3.1894018015127314e-07,0.00013071141444591947
1411,0.00011769062351591183,1.4481254011015119e-05
80154,1.2476234239914575e-05,0.00017649582265814976
2104,3.147997733262894e-05,0.00017608893065692734
50818,2.9296200431227207e-05,0.00011820403248397853
57535,9.625805278284636e-05,1.833422910941429e-05
60561,0.0014065734257295555,3.88903814305694e-05
9338,0.0021729055519611098,4.91426598620885e-05
1854,4.6541097285969937e-05,7.728785189068966e-05
53981,0.0017393280498828982,7.615617365098036e-05
51332,0.0004660507588373532,1.699338601624624e-05
158399,1.6589943247216977e-05,1.9043334495896643e-05
3628,0.00021737191800737184,2.4771325904508062e-05
6863,0.00024966076783991607,1.9043334495896643e-05
10952,7.9565302870401e-05,4.722699236238524e-05
80731,4.3013047236202874e-05,5.361076710940448e-05
6096,2.3721374513470836e-05,0.0005950013142555818
135154,0.001168860095817468,3.199620337461421e-05
20,0.0014546085896841303,7.82153656324959e-05
10778,4.927235613941536e-07,7.511743257201813e-05
4041,0.0034626732012808946,5.444955486391552e-05
65057,1.2050945492205621e-05,0.00011426332114545838
10686,0.0005507358825123056,5.2979910512186876e-05
54433,8.849206566202504e-06,0.00019130413093483236
1325,4.788803074223952e-05,1.8793101877211563e-05
26958,0.00045148039932314354,4.307786133282197e-05
63967,0.0003105834142855738,0.0002560117813859571
23660,0.0001618663701590675,0.00018341912872655837
154007,6.047489722844022e-09,7.510480342405931e-05
2861,0.0001384117330893806,9.946087611161597e-05
4259,1.1527452933835173e-06,1.4744821888776578e-05
3134,7.4744157631427e-05,1.5255168809799261e-05
3538,8.681815315996547e-06,6.425356524489211e-05
80349,1.6024075075164826e-05,2.628115652011584e-05
240,1.5227252533730096e-05,0.0001466932900498295
56138,0.00011132662115997179,5.241633993554985e-05
26236,3.9234840705106894e-05,5.2433361164970066e-05
84892,2.1832572081162783e-05,0.0002834175658308531
729020,6.752865182881068e-05,0.00010324777161361053
314,9.476512721374367e-06,2.1407190284619787e-05
7106,2.49737902354348e-06,0.00018882291068072913
5788,8.593863974244201e-05,0.00011854648616984853
3956,0.0008292241139210428,0.00011650341375251858
283629,0.00013023700512902658,1.4550413025497629e-05
7515,0.0005591011072786769,0.00015711093772165992
8500,3.505856514703803e-05,5.0243024871765204e-05
25976,0.0005022286915939336,2.117613893430401e-05
131578,0.00020800132800631048,5.61104964616424e-05
114928,9.345026901116888e-06,5.2969218592820616e-05
24138,9.799795542468757e-05,0.00015162832066860634
6674,0.00010020011208052277,3.357239524738733e-05
1281,1.1793110721787068e-06,0.00014370751607258427
9670,1.3495642416886213e-05,2.6278789084614725e-05
4681,3.1690425632709114e-05,4.461768388047556e-05
54512,1.9390367369095345e-06,5.898907050738685e-05
64843,0.0018318279548238572,6.800624597985323e-05
4628,0.00032542496723850527,4.63685930179665e-05
1893,3.670508249800674e-07,1.547009118141284e-05
8227,6.733084232811039e-05,7.260967940001493e-05
3625,4.492489280876159e-05,1.4247527600728837e-05
55035,6.060906324333919e-06,1.4689391801302484e-05
6285,0.0002080106828376329,1.4928959716515104e-05
203569,0.0009576872113260499,3.6516867781540427e-05
5528,9.11996305498441e-05,4.442154481829252e-05
4239,5.059844050436105e-05,1.5228469331898814e-05
55346,0.00012553174363969674,2.9535517309679964e-05
84940,0.00019208758650106808,2.8457194112490837e-05
22982,2.5665777482154207e-07,5.060500698842929e-05
11142,1.1388541274170726e-05,6.809166082852483e-05
3802,0.0023325468027269873,1.4502173306855237e-05
5025,1.008704709496241e-05,2.041145660094746e-05
55757,9.187190947543164e-05,2.7851208867622208e-05
10319,0.00047427913048344504,1.520733725921276e-05
10268,7.131949776286406e-05,2.59392675040465e-05
201161,4.1115817055006614e-06,6.22556879507063e-05
26263,0.001338458327797694,3.291604887446844e-05
85395,7.479658553677068e-06,6.626259641998872e-05
129446,3.1519067804001653e-06,4.1561338827567814e-05
5475,6.593061849404314e-06,8.630203202031136e-05
56254,0.004664636908950712,6.972973544824592e-05
50804,3.844371574561923e-05,5.762758157179267e-05
11034,0.00013096446788463,3.484015502730834e-05
2046,5.8531132223655486e-05,1.9447958079765187e-05
55734,2.827268596096302e-10,1.547009118141284e-05
84108,0.0010101025178192898,1.903976887326832e-05
65125,0.00012756554251700206,2.7128373136822278e-05
1644,1.7634929313835562e-05,0.00014468468161950908
285,8.809812919177636e-05,1.9565211290075568e-05
8799,0.001045987056679309,3.155949088930067e-05
158219,0.0019585084077770962,7.98289951684273e-05
2020,0.0009096509787848335,4.7813593639184804e-05
262,3.6823069215781486e-05,1.4568476305619263e-05
506,1.3611917340884836e-05,3.055228516127795e-05
9761,8.764800196509175e-06,0.00013011080951183697
5189,1.1327171245276762e-05,1.411521394642016e-05
2207,0.000230791011484161,4.060126666548146e-05
60485,0.000734323905044924,6.373066085628152e-05
148156,6.500645189424488e-05,8.00915740684599e-05
1443,4.049828302351731e-06,3.16370137387134e-05
84687,2.1598648889728658e-05,8.609084184537006e-05
404663,1.842775229909368e-06,2.217178856023904e-05
6407,6.704308286397672e-05,1.742849367317426e-05
90874,8.745861491604093e-05,9.633861809116268e-05
11243,1.7409822867916688e-05,6.245438053737648e-05
51765,0.0007470424533077342,8.695936587360225e-05
6822,0.00012782472239619824,1.4621646793971585e-05
9382,0.0001056736271002993,0.00017654491440970396
3875,1.2635163274920058e-05,1.6030449944713514e-05
10734,1.8171375727184123e-05,1.58840766073065e-05
114,0.00015917608952865394,0.0005642133174995875
5226,2.6503341001659247e-06,3.0308870068434667e-05
22808,0.00019081567376824066,1.4186842370547823e-05
445571,0.0004754304756505137,0.00016868358476585654
9643,1.1175036609502443e-05,5.527903807319627e-05
28999,2.011572597988646e-05,5.902312671322601e-05
54834,0.00016000892871842926,1.735140910418032e-05
10233,0.0006503281997320086,1.4897681030648523e-05
5925,0.00018898856783162776,3.787495735597462e-05
80830,9.447793245657354e-05,2.7293024677160693e-05
25840,0.0001843781629386798,9.96951000766792e-05
57619,3.258454822997287e-05,0.00010692246758246869
29841,5.825422908031454e-05,4.801222614870954e-05
10565,3.695508288235932e-06,2.9930080091253023e-05
26256,0.00012428724439396863,3.418609062787558e-05
79695,0.0016240047718254222,1.973438321643981e-05
3975,5.1416284683975265e-06,2.4073238427949518e-05
8224,3.243823654879119e-05,4.597104132253217e-05
5211,5.617678974342503e-06,0.0001052223129711812
2079,8.681815315996547e-06,6.667406633703923e-05
2248,6.438949589138112e-05,3.334556185884652e-05
64216,7.182484504993365e-06,4.331625978508261e-05
55308,6.773882113652483e-05,3.6607417322388605e-05
51399,0.0001537288636603514,1.732200315297022e-05
713,0.0002548141515756414,1.702637802565213e-05
7042,3.0025482573414542e-05,9.68964167243298e-05
6760,0.00019381072103590385,0.00010787135760510686
54946,9.252405443705068e-05,3.8988369986977565e-05
716,2.1023841765102265e-05,3.380509388333294e-05
79083,1.4025478326889323e-05,1.4198057984545666e-05
6121,0.0024750853105512992,1.4744821888776578e-05
132671,6.916132368118443e-05,1.7153432278457767e-05
114049,1.6331010682931627e-06,2.8454021324365693e-05
108,1.1719091797042699e-05,2.9803018645799066e-05
64769,2.0917890209662143e-05,7.182233604268884e-05
9467,0.0008618935830605899,1.8428466318736077e-05
163590,0.0001982710003397942,4.3692837736398393e-05
5301,2.1094731247428684e-06,0.00024748682961414425
56137,0.00041248123365774893,7.518923830200596e-05
10776,3.42711924337903e-05,2.63794660845891e-05
112744,0.000490189513816671,3.93911796849425e-05
4210,2.9148502631165524e-08,1.445437309854457e-05
3832,8.234081151826057e-08,2.1133637581073467e-05
653604,0.0002617963752527448,1.5470720747342352e-05
2706,8.431705387746485e-06,2.8177726456608615e-05
64777,0.00029879475744931287,0.00019605692737200922
659,1.0677518253340624e-06,1.4504790957368299e-05
9522,0.0008283415965323221,4.694745130450947e-05
2077,0.00031663661461529466,3.317331611684021e-05
6697,0.0002922757189886908,1.5228469331898814e-05
29119,2.310121238343321e-05,3.119334677632578e-05
79641,0.0007215844582173803,1.841544609114048e-05
6039,8.964568278481415e-05,1.4307757160118827e-05
200185,4.991800199830133e-07,7.124129357615188e-05
51635,8.456838371666626e-05,4.711980072453875e-05
79750,6.611752485570254e-06,2.3981208378394455e-05
32,5.5409758468717416e-05,2.475721243342648e-05
84620,2.4234286908201226e-05,1.3963338019802434e-05
57714,0.00022124133417480364,4.3587259542395965e-05
55227,0.056809228078384934,4.111706842341865e-05
4061,0.0010769965364851853,2.8342230067765394e-05
100505793,6.338216039422648e-06,4.255464131414601e-05
10248,3.4620517739200386e-05,0.0001252936986223611
51119,0.00014403940051744996,2.453268312486303e-05
90488,0.000654190343616647,1.5147028731646566e-05
399511,7.589722204848879e-05,6.51157395372328e-05
14,2.2197237572526472e-05,3.3726174940619264e-05
80019,0.0013668042048184652,0.00013956392410704183
84502,0.0002914041090812199,5.406577766276763e-05
5757,0.0008889211580405373,1.5282089108193037e-05
256302,6.257702816735241e-05,3.76334144904881e-05
87171,0.001001317702326746,0.00012334040035915812
1361,0.004567663262906515,2.0163399519899954e-05
11285,0.002932086279322056,2.8099466266448137e-05
2549,0.06093557495948459,1.8660688982358644e-05
2803,5.403912044162563e-06,2.269302491652052e-05
84948,0.00012237285668900903,0.00010587705636354026
139716,4.5195851842718985e-07,2.825754368899479e-05
3068,6.13257694052589e-05,4.6139903577966775e-05
5257,9.336776352567127e-05,6.249501534251275e-05
3797,4.149939607463672e-05,4.599650903225095e-05
6327,0.000150099286862517,3.16144272484258e-05
5939,0.00040447330169477596,6.249421255606573e-05
54997,7.863933239723756e-05,4.8858469016783926e-05
84830,8.188298987630214e-05,2.443554693815299e-05
10614,0.0014407437574267144,1.7348492911837256e-05
55600,7.908377374557248e-06,2.4229716968574972e-05
4640,0.00018144806620356692,0.00011413757739906637
6945,7.914179691371432e-07,3.805704555599605e-05
284403,0.0003284001287495665,5.6338971678129615e-05
51001,0.001182458622617371,0.00031279964902948277
9464,0.0002321389304918133,1.3494515147396339e-05
9167,2.6636721670970845e-07,0.00045900369958731693
85013,2.2975139513840506e-05,1.4447170393206093e-05
6414,1.1754276126453686e-05,0.00014489320734710232
5028,0.000150619011956515,7.355702754272337e-05
53,1.407077354278644e-05,5.2711728114100646e-05
55585,0.00013666881416264887,1.7767691583403834e-05
3431,0.048366248669482796,1.4885081151045723e-05
5250,1.3037930795340993e-06,0.0001165413077671435
319101,7.828776936617966e-07,2.5049911010297605e-05
220,3.583215878793285e-07,0.0002071717775149299
125058,0.07763807576124175,4.28329134218304e-05
8728,0.00017819201556367278,8.401193333171943e-05
4201,1.4547279488248908e-06,0.0003029059216562752
257000,5.617920039999618e-05,6.080830411308854e-05
22820,0.004900465347181153,0.00027089857459419936
79187,1.1449745904140367e-06,2.0130265751268168e-05
10769,3.2415832587440757e-06,9.41386641891379e-05
1787,0.0004102083796764911,2.185058268462876e-05
57727,0.0010660051834253288,0.00016555080203687164
573,8.504894026342063e-06,3.1852169067558076e-05
3838,0.00023803423155364562,6.035068202844389e-05
128312,5.0002670926343034e-05,4.513063110772151e-05
26156,6.359719092931848e-05,3.825143474977761e-05
4324,0.00035498980509736166,3.557737128586106e-05
23022,0.04795077805238452,6.385657158755262e-05
3755,0.0005881367045330154,3.682224836998883e-05
3709,1.2719338353379863e-06,0.00010919917758388379
3053,0.0006992949827040476,1.847131219790444e-05
1349,2.8114903011530376e-06,0.0001035925647475342
51669,1.5718691235503753e-05,1.5811372578730835e-05
1212,6.92842606092429e-05,5.0152769414960317e-05
8541,4.556720733455011e-05,0.0001152324208644511
153328,9.615348519781345e-06,5.8567233739122496e-05
8294,0.0001548628475045071,1.6514539068123766e-05
1565,1.3584345057366e-05,0.0001022193395521757
128,0.00013732226545688724,2.5611145068049755e-05
2013,6.15816749650741e-07,3.907681334446753e-05
728071,0.00023218910703653897,2.4447127999311757e-05
7280,0.00012400669006730432,3.67157198637296e-05
3981,0.0019644748127669205,0.0002813478282548946
10410,0.0006459610799166408,0.00019569300479052297
2204,0.00015784847809282643,0.00010670886004331816
56160,8.175466849725212e-05,2.772028138593504e-05
683,1.5586132477432517e-05,0.0003943712368401205
5553,0.00021237773169240074,6.224866119362652e-05
54514,2.044710332886176e-06,1.6408262078619592e-05
10038,8.71598347566029e-06,7.120060128678793e-05
10594,0.0003105719390893763,0.0008165090980595987
89765,4.5831276277938047e-07,2.144829226985828e-05
3588,1.6976996021614545e-05,1.628936905353495e-05
22925,0.00019439804379875868,3.9130543053075964e-05
6159,0.0006126345043116543,0.00012015995815171633
57630,8.801645187275848e-06,0.0003007821897464381
57829,0.0009618916594409243,3.782849521722902e-05
7978,3.3680791458414604e-05,6.315880961920656e-05
1432,0.0005921292733937603,7.506467915276315e-05
6664,0.0028311204789459366,3.143306978584486e-05
7359,0.00019240040473884182,0.00024364613199228812
118788,2.248613957259214e-05,0.0001498802412450197
993,0.0037136566663047684,1.848732702031923e-05
124912,1.340888190492442e-05,2.598842740610407e-05
3698,1.99011700875112e-05,3.525355166461732e-05
5631,0.00013496555881870986,6.167602638389539e-05
79586,5.852822058065603e-06,4.451836144816303e-05
440275,8.688761501092933e-05,4.900847336737074e-05
8487,0.00035472145771444106,1.896546138287992e-05
5156,0.00016019108548122904,6.950639782218083e-05
55262,1.9218388717087566e-05,1.854282163877926e-05
57530,2.4096137920216806e-05,0.00011370897609049626
3176,2.8719378829103714e-05,2.5031506278912922e-05
3418,0.00030281247399099057,4.754506427200602e-05
79102,1.1156834111316539e-05,0.00010185167981458417
55851,0.00035562263948205226,0.0004213705282987872
5626,0.00013283093761793445,0.00010011784917339353
7156,9.570031563627402e-05,4.529807698714485e-05
5620,2.2197237572526472e-05,1.5825499811502202e-05
111,5.791591045636358e-06,8.12594913154715e-05
25805,3.3213045774026925e-05,3.455989680265025e-05
10203,1.9607556858220086e-06,1.5265548959968693e-05
440023,7.973171232908614e-05,1.5982949060331805e-05
387,0.0001384117330893806,1.918538624808983e-05
2203,0.0003160119783561555,2.9304854438789964e-05
84446,5.1777601613596725e-05,3.229504498607636e-05
6928,0.00014550314897372635,0.00016391779277722852
5375,1.4533671248297019e-05,1.871713218491063e-05
7568,0.00012558338010664472,7.277007347777592e-05
27012,1.6643319493223744e-05,0.00010981269062903802
255426,0.00036602971040848706,0.0002490722940566064
79968,0.00030481746955009713,0.00010985311314410882
283576,0.00011552436193373369,7.645579248104845e-05
285074,0.012787720971724485,2.3315700968263878e-05
64421,0.0006577579495698113,0.0001905644282483827
3860,8.35021374840469e-07,3.180473166990929e-05
1307,0.00017969009317328846,2.8782675749728014e-05
5537,0.0001211379405680782,3.4470309627952564e-05
93,2.6505026762617456e-05,3.6552020547348624e-05
220082,2.5933449763568045e-06,3.1987143296375915e-05
9801,3.391446258100465e-06,4.921541543458564e-05
26508,0.0004255163474476892,2.9865987588527405e-05
201294,0.00024062193483033762,1.4197926350660376e-05
29127,4.464520476342789e-06,4.00200568246374e-05
51060,0.001084732682046026,1.4491869794852837e-05
54677,1.6601109645478988e-06,2.553723655961178e-05
80824,3.4784193370066446e-08,1.5451124461418654e-05
29113,0.00046417763620149407,8.294251177658115e-05
375790,6.312114121645444e-05,2.655878041619722e-05
125476,0.07689074654051035,4.836167256865378e-05
151531,1.2769877268581115e-06,1.4885081151045723e-05
84911,9.454668381027468e-06,1.5094765419820544e-05
1755,1.6366638845872455e-05,7.837507734610476e-05
221079,1.1694040101863679e-05,1.5507314358134398e-05
30061,0.002797428208684501,0.00010337774989024781
8934,0.00026713288739459607,1.4247527600728837e-05
131408,1.5661278142723095e-07,4.552069552490613e-05
6775,3.340399622881884e-07,5.4734146594382976e-05
51575,2.4613085271938094e-06,2.62499792264235e-05
8508,4.186625507198853e-06,7.964076911365508e-05
170394,0.00037957240247713767,3.739259727521709e-05
9991,0.0001581180708328513,1.4329759067083436e-05
54978,0.0008237810358506278,0.00015302567716148435
123811,0.0010917488772156953,0.00014106343142974263
5264,3.7768761910929816e-05,4.400429435500796e-05
4636,0.009136460078602762,0.00026909246219211007
8859,0.001917505382674919,0.00013289539322911302
4898,3.0334315737857697e-06,1.606097018664001e-05
6506,3.607618054151812e-05,3.257649557048384e-05
8705,3.3518880014971296e-06,6.095383824530994e-05
5238,5.332532342407455e-05,7.894697821424566e-05
11189,0.00025419344184349316,1.9466704672642205e-05
8242,4.0706809583050256e-05,1.578490750040886e-05
4323,0.0009860169760415268,1.558031047929069e-05
90678,0.0004391032032338385,7.340936883946323e-05
10613,0.0004580440392373179,3.0096476165974215e-05
54984,0.0017029367834419586,1.4960089427273753e-05
2048,1.464546668072699e-07,7.31954021199011e-05
92703,9.923486434798512e-05,3.4476180121910795e-05
9118,0.0006252815576485004,2.6900772740880527e-05
4779,9.847336520159689e-06,6.0734727094396896e-05
10053,5.646583788226919e-06,2.046354867972022e-05
5354,0.0001072360589314079,0.000383921222724787
65982,2.6122969754881464e-05,1.5882493554855346e-05
3109,0.026069268978653085,5.649786463114941e-05
9963,0.00011489898758962299,1.558031047929069e-05
4891,0.0025911759205030347,1.4833218327629647e-05
3812,0.0006713946948354054,0.0006074933374225749
8904,0.005715501235384284,9.204500614663027e-05
5261,3.890246514501634e-05,1.7688661601402157e-05
64399,0.000471624693646433,1.4904262252014413e-05
5524,0.001676466614056305,1.668559198806387e-05
9130,0.00025620437110391144,3.1130638404254464e-05
3608,0.0006255711967203786,5.487047807554235e-05
9746,8.063597220085193e-06,2.871573749830111e-05
85445,0.0018887779795605539,0.00010035077371235426
139105,0.0005836694402691676,2.5653414655358704e-05
4682,0.00018589734962111342,0.0010663973141221488
84708,7.087449050049635e-07,0.00020830396612924918
5139,0.00025258046417073096,4.383662320137961e-05
29949,3.370523813292864e-05,3.769085043709007e-05
84935,1.647437491565647e-05,2.3426540916118723e-05
25847,7.923062013883944e-05,3.581021821607663e-05
65981,1.5990541272430224e-06,5.257329625828569e-05
8689,6.051368512645816e-05,0.00010723708995329464
22807,1.4850057019937988e-05,7.6570568716258e-05
54938,0.0005265514697786167,9.338891776160209e-05
4331,9.193630754430341e-05,0.00013494443845244974
7581,1.1813233206460111e-05,0.00022814113730960966
1457,0.02439997986833152,8.369069926125494e-05
163,0.00024021883714054208,2.8189027016098103e-05
4146,0.0029269065915263604,2.5855442590464883e-05
27086,4.423767433285849e-08,1.5281998047424617e-05
26231,0.0002372573678588881,3.368031584451394e-05
64127,0.00046968930807188514,2.381776157889366e-05
23768,0.00037391440551857205,1.7086259860106285e-05
4314,6.12815216868821e-05,6.370608781985247e-05
2634,0.00026893342070322433,3.7687370109864875e-05
9421,0.00018745066121688675,0.0007689244928824878
2243,0.0014087276007227823,6.669589674891243e-05
7170,5.9115086463339574e-06,0.0009643357466401832
64840,4.714609670833834e-05,5.186085843663324e-05
23511,0.0003922740387777491,0.0001114876773173198
90121,4.295189760608342e-05,0.0001941335904361198
9526,5.847709233081277e-06,3.169899172158678e-05
4321,0.0002866443522144583,0.00010906556517424908
55750,0.0012268539648312424,1.948214552046857e-05
51547,0.0005400873764850443,0.00022384932700645355
8451,0.0007914682075034786,3.524441785863289e-05
145282,0.002570997862416859,6.741465864152342e-05
84934,1.4197242212891788e-06,1.5576690444992732e-05
3881,0.000362193377569684,1.455295483600974e-05
84433,0.019318008156137368,2.0025005401540542e-05
5594,4.986527967880478e-05,1.4506047050914546e-05
2556,5.0390533551025725e-05,3.7056181880500046e-05
5890,2.3007774766081333e-05,1.479239225335214e-05
23272,2.6761604362627675e-05,4.412811080320847e-05
3908,0.0003808227060342853,2.0607833872377514e-05
11164,5.7111563940468416e-05,1.3464299634752442e-05
9083,0.0006899249465908408,1.4315405397153434e-05
3315,7.780295135909878e-05,5.508221654137784e-05
23165,0.0005329627294971779,5.212578899247495e-05
3206,3.954830793406212e-08,1.4027045355674584e-05
1133,1.845925749672348e-05,0.0002393361575443484
57007,0.00011096231456365925,0.00010210450250562606
57523,0.0008144023939347572,5.2080707218806395e-05
128821,0.00035902775925391065,4.549862580802143e-05
55707,0.0012253664190029052,5.765776741919756e-05
389123,3.162132695927672e-05,6.215163544893954e-05
9623,0.003519916775173087,2.4294550231389566e-05
64776,0.0004636673580930096,2.4444294484869638e-05
388646,3.4766238265361555e-05,2.5765437752239017e-05
64798,0.001782261415465668,3.799619055809024e-05
55363,2.3814115195981604e-06,0.00021896458084410728
4738,3.0282706258799286e-05,1.5741426051260953e-05
4702,0.0001320083386225188,0.00028603782521512616
79833,0.0008154213545316341,0.0001669126063381373
27087,0.00110706100754817,5.514254608664432e-05
7442,0.0007981596428607722,1.437740084147578e-05
7126,0.0004964553458623139,1.521174473523944e-05
4046,0.0028002687841798294,4.291644267476699e-05
547,1.268162013364104e-05,0.0001227015733123839
133746,0.00022335556082667577,7.945178470182507e-05
84232,0.0028816856841409853,4.841781055277181e-05
1639,1.495206696516827e-05,0.0003373508857845863
347862,0.00018061881198372262,2.38941413286449e-05
9378,0.0002467665359493625,2.0235737157703252e-05
25934,0.0001903694115719801,0.00031246245948044567
6248,6.5625392706017676e-06,1.4108833689289119e-05
92369,8.406260925068898e-05,4.4221689573358534e-05
158067,0.00017134772357594032,2.331959168540974e-05
9757,0.0018369977183167949,4.164671644423918e-05
4487,2.5115086506333742e-06,0.00019177049148999471
9913,6.297561265382745e-07,4.023555725515872e-05
5829,0.0030552939903644286,0.00010498401791421243
51602,0.0002525933968735355,3.1027639943231313e-05
9808,0.0007064044346792935,2.785883533992333e-05
1974,0.0007759933866524059,2.2697357593043402e-05
124923,0.00031318610461226917,2.1068370283841236e-05
10326,1.6059769546189708e-05,5.5545404987502095e-05
147372,0.0005021278987882,0.00013718012437421198
5802,1.6245039334869662e-05,7.919644163171714e-05
3439,0.0001384117330893806,0.00010237833261651387
79839,9.861597193290253e-05,5.455734804688765e-05
10811,1.0924863469769885e-05,0.0001422729617403961
8021,0.0002668564115651392,5.975238923804266e-05
84861,7.68970474767431e-05,1.455295483600974e-05
25994,5.699880391789167e-07,0.0001620542258959923
267012,6.8031537676272246e-06,4.906713071471829e-05
375686,0.0008999576252182661,1.7245796002286937e-05
84937,1.2278961014398129e-05,4.811056700476628e-05
53917,0.00010517153554895828,0.0001377323492516152
5605,4.755962175554877e-05,0.00013158583715993432
6281,0.0009227654122049205,9.926679221698692e-05
10687,0.000518145301522952,0.00018283377433506019
8675,3.403909465180097e-05,0.00019897205411828104
1981,1.9286747275508434e-07,2.869012906149399e-05
10263,2.8510324959685134e-05,0.00010970189590596717
92521,1.1410349608629878e-06,1.680842367586373e-05
11340,1.9440006426092362e-05,3.8460589418889355e-05
55163,3.888347336214104e-06,9.24066266986469e-05
168620,0.0007747550110155067,1.4505942699654537e-05
991,0.0001402927071574894,1.7237699558842743e-05
170954,2.2439291508964557e-05,7.611900396492558e-05
284058,0.002480839005862042,0.00033339768235032195
864,0.0019755869240407785,2.7063054329235797e-05
834,5.859360692690335e-18,8.113326931098337e-05
10657,0.00016123552071732085,0.00018751313192693478
54785,0.00040836724318418105,2.9065278370184986e-05
3841,0.00032190511580304764,4.769085625441059e-05
10240,4.1165833589954845e-06,5.086140100726389e-05
54788,0.0012353809928682135,3.1496174832306514e-05
10579,3.651441917598501e-05,2.2560909570026164e-05
51132,1.69155259166427e-05,2.116182343991598e-05
729475,0.0064727299860552765,5.367879887456177e-05
64344,0.000584773941495802,2.6903193310898006e-05
341947,3.000617477401428e-05,1.4247527600728837e-05
6929,0.0005030506720094491,1.4335010747632955e-05
4680,1.7678664876608785e-05,3.777614098553108e-05
94160,0.00024552021369921175,3.081451912495339e-05
2071,1.0348053577741234e-05,2.5082329861307697e-05
221545,1.9683024986128327e-05,3.374686163271729e-05
83988,6.787775717421841e-06,1.5311178971951127e-05
192111,1.588851439632557e-05,7.376450498290431e-05
65268,0.0009618109612278872,1.5112186786921051e-05
220441,0.0001368840687100119,2.7218551926875943e-05
23122,3.260028855331138e-05,2.3748621919516347e-05
23059,6.837545075481983e-05,0.00014090533720541662
6954,1.9109858184232827e-05,5.0693620949335865e-05
124944,0.00015724834158917196,6.470264958632556e-05
54413,8.880564852295203e-06,1.952696676913365e-05
2944,5.859550942114797e-05,1.8961970885674533e-05
1036,0.0017133276441827399,1.572946273861734e-05
10555,4.034455221773663e-05,1.593743982157929e-05
5101,4.3029439180559755e-05,1.766589256649271e-05
50813,4.289069854975219e-05,6.833568704178719e-05
200014,0.0014226102259749375,3.102447342401677e-05
2119,0.03958285893433542,3.943878291035843e-05
528,0.0003199384349649321,0.00034704087463457745
10951,3.5764926590861105e-05,0.0001631848332939576
25937,4.126957788937815e-06,4.105853790804912e-05
2731,0.00012156954518634732,2.0888723887129395e-05
51268,0.042801298375445475,6.81988431095256e-05
3697,0.00011005844254685151,6.283661197952141e-05
64641,2.507134040855847e-05,1.4788908057693157e-05
29951,4.0964493312940034e-05,0.0001607732023277932
54868,1.1763189929939061e-05,1.8002484344825905e-05
4139,0.009871495698120052,1.9263224751995903e-05
26523,0.000118383369599364,0.0009325583196288514
1504,7.658498519771879e-05,5.2765863385778785e-05
3055,0.0018092994494010603,1.7813213362019608e-05
5713,0.0013645335495506767,0.00013060544268750758
3640,0.03978648739772424,3.8718400562347225e-05
10428,0.00020823186180889377,6.321749952393654e-05
11179,9.209771378862193e-08,1.4832787472140136e-05
9975,0.0002861049142243389,2.1879704416825155e-05
29101,0.046388723037615015,3.101328328796499e-05
7528,1.7048786641765012e-05,1.4425169076649215e-05
134549,0.0004902435556914549,8.960832742986873e-05
729967,7.990380575830798e-06,4.8805117804493236e-05
5597,1.7865730460004176e-06,0.00013206917438785915
2004,5.233727905874133e-05,2.0264439790858456e-05
26233,0.004112388704500833,2.926014169349679e-05
4715,2.85938957158997e-07,0.00010681751191912167
81545,0.0004260817899812491,2.9122757129945426e-05
8914,4.2408974365615095e-07,4.620854899813052e-05
4440,0.0006674898233350419,6.746392313043116e-05
54663,0.00022083236471322402,2.7295202811585917e-05
926,4.738142379003003e-06,1.4506047050914546e-05
91607,9.730900931728638e-06,1.7662715748166307e-05
3148,5.142914695016862e-06,7.103016757045822e-05
6736,6.417654986423835e-05,0.00021573007910065538
216,0.0004716717877678817,3.5574088598884064e-05
165,4.770896197833737e-07,2.195517384065088e-05
9711,1.1302241656036343e-06,1.4978474946965492e-05
51023,0.00037062844050461305,0.0001001821069601522
23617,1.6186502569450705e-07,0.0001601258376448352
11216,0.0003169379467227788,5.652750925842605e-05
8761,0.00019207986673740302,1.5424714037874404e-05
169966,1.986930276418182e-05,4.4313636156062284e-05
113802,0.0006048887859055753,3.203521269717968e-05
56961,0.0001497362224683813,1.5051611251312677e-05
10923,7.070695053879828e-05,0.0008606175364888263
6430,5.430248554302708e-05,0.00011636670558874962
23148,0.0008528290397640411,2.419936697881304e-05
391104,0.04014592374517743,9.620068751941929e-05
8515,8.727382463932243e-05,5.899155737627734e-05
256646,0.000998780403971017,0.0002660875870243528
55226,1.3958574472961811e-05,2.3184584476139267e-05
9853,0.0005119814918682869,4.5560025601985326e-05
773,0.00011961956850005414,3.1309742315692206e-05
55274,0.04671052122537066,0.0002463993020890002
55127,0.00035089550745761813,1.7921676223358217e-05
28951,0.0017350900713282741,4.178414296022279e-05
2130,8.969212670991157e-05,2.158073787927401e-05
23062,0.00014968497038079002,1.6616666755793587e-05
100533105,2.828952956605332e-05,1.773674316985354e-05
3376,2.0088754340343924e-05,0.0004431998680343232
10054,0.019754447851954803,1.7060685451199096e-05
10421,4.073955805738332e-06,6.131739590494406e-05
85362,7.489495124954251e-06,2.704945655748971e-05
10690,7.353989166727245e-05,2.3816781792905407e-05
441212,6.6762868570102915e-06,3.459625040020383e-05
8899,6.448194164491354e-06,4.241970794461053e-05
404550,0.0030082534496592307,1.7308609396463834e-05
3703,0.00010535538008565496,1.4971777882356127e-05
54502,4.750277098083859e-05,3.253095327205134e-05
10721,4.739658755839708e-05,3.558791008855163e-05
6659,3.927517419937947e-05,1.564814420713149e-05
2316,1.696858206797304e-05,0.00011476994066794246
7596,0.002594971203208126,6.163900656124837e-05
6712,0.0006600062198572835,2.9030207262135827e-05
4124,1.5387853513593393e-05,0.0001598987029449599
25946,3.576894266751759e-07,3.815439455178391e-05
4291,7.4355316492426175e-06,1.9540676107875807e-05
6288,1.6732832527634252e-05,4.137271024289237e-05
79923,5.979818206931707e-05,5.1670131358978116e-05
79684,0.0001204686205626818,3.445974904744059e-05
114879,2.9992255060533644e-05,4.116443174528571e-05
140597,0.0027660955465658474,3.9261049048162256e-05
8858,7.439296717413725e-05,0.0002716201822992798
284615,7.48365682957315e-05,3.487072529128528e-05
6689,1.0028997706671175e-05,6.85045461981225e-05
7324,0.00030400701016973286,8.669664334628926e-05
6788,0.00029786756950002656,0.00012539278404612798
51285,1.986425321932421e-05,2.277438607386003e-05
100130086,2.402498296098649e-05,0.00026542858631074454
3658,0.00013793875921343604,7.692958821525055e-05
55816,9.122838770892929e-09,0.00029781798683335486
92399,0.001214145254530146,1.9873471634430462e-05
2052,2.7700081140092304e-05,1.741725534537289e-05
136319,0.0008527805466628636,2.6095999575088835e-05
3921,0.0003181923146861275,1.4430856773170774e-05
1071,0.0004880751273489468,0.0001892716957891978
55110,5.858829103950959e-05,2.1009800358995155e-05
4317,0.0003183236925889269,1.474801668172099e-05
10001,1.6717076354926167e-06,9.097271249854737e-05
3434,0.000432602307710975,4.007282201933318e-05
9939,3.3951067280911795e-06,1.628936905353495e-05
4097,0.002611481494697516,3.076273427695244e-05
5921,0.00017129645815181223,6.185142365571639e-05
157310,4.153764703778695e-06,1.4544758234250465e-05
51571,0.0009144651963501308,2.808387641255128e-05
55086,0.0026894356413370976,3.730603720564305e-05
3481,0.0015456065217558934,1.764066734520789e-05
3842,2.5070269531641932e-06,0.0009151323399920866
10885,0.000498370565704292,2.2938281314932e-05
57798,0.00022663169431114626,4.914990014578731e-05
5825,0.0005008655652550762,1.4449640204283179e-05
55500,6.668017942213768e-06,4.721996122027777e-05
79024,4.8770784074752454e-05,7.119049153306562e-05
56650,4.221396432524656e-08,8.297408886925177e-05
1841,0.0010806506258447027,0.00010102976347878877
79755,2.71606888786094e-05,0.0002265003103209096
8613,0.0002814982896075364,4.8508665058404165e-05
3720,3.996219286162953e-05,4.990016465868314e-05
401507,0.00013842461629614555,1.5184227580563561e-05
6310,3.4596334110225276e-07,2.604295283487495e-05
55680,6.77415301802579e-05,7.729859747147047e-05
3595,3.7807628639656226e-06,3.4314918953107935e-05
4056,0.0016489464694969236,3.011937176342144e-05
139422,0.0005407131696484177,2.255160181725174e-05
8727,4.141010447767918e-05,6.886905156955068e-05
3043,0.0003884175332939431,4.134935976658775e-05
5877,0.01923345865093386,0.00024081840263935215
55200,5.227941626287319e-06,4.859233108868967e-05
1027,0.00010135071785195583,6.385544934693843e-05
9373,0.00010506935583592664,5.4727242497968245e-05
10226,0.000627362334836282,0.00017254167427568445
284390,3.512129605769917e-07,2.7045334114373168e-05
51666,1.1238768547446674e-06,0.00012172505791322174
55740,0.00012368836375361395,3.824476992716596e-05
10235,1.067582587296829e-05,2.4299679666745633e-05
168417,0.00026915614808933327,0.0001072923356408276
145946,4.596825399810131e-06,8.888367933035558e-05
2831,3.205126765212591e-06,1.675375161474387e-05
5296,0.0004041544983248612,4.514305572760639e-05
8195,0.00018826351288507242,0.00019641534595534843
727837,0.00013580672700646927,6.156188442354434e-05
3857,0.0003009928850848151,1.5054211171620282e-05
6647,0.0005880054229179957,0.00015465774316761
6707,1.1927248704961407e-05,6.848354455560132e-05
84528,2.889258961413652e-05,0.00012497208822711707
79657,0.006077250164738629,2.2409772697212284e-05
5118,0.00048227494397497917,1.7849909647055585e-05
56950,0.0006243866609998231,1.6754604922805074e-05
79607,0.0013398054990203976,2.5779592448177046e-05
100101629,0.00027608751733488576,2.2303730973698403e-05
23367,0.046103079336252316,0.00012873261268125195
53615,2.306801089024055e-06,9.776630796342234e-05
3937,7.565361586170387e-05,1.4027793349685954e-05
7621,0.008683359328689666,1.6360522718151132e-05
7391,0.0006110030874000997,3.8093518280702544e-05
2244,0.03892724800388833,5.152946398871524e-05
6047,0.0001429026435121143,7.372750305551147e-05
5687,0.000712686719144923,6.291351342930519e-05
9764,1.5243241861089295e-05,2.7322696281153712e-05
84261,5.2820207472729046e-05,9.906348856103417e-05
6023,0.0015522651602728453,0.00013593381102736693
64393,8.259818219716053e-05,0.000230387948309368
2041,1.6366638845872455e-05,2.428971129579113e-05
1337,4.443705435838524e-05,3.1255681162248186e-05
22918,0.00011705160582184002,9.723094181138126e-05
131076,6.41092327203311e-05,6.78357210936594e-05
22937,0.00021536105868456045,1.437740084147578e-05
56996,9.428017098368583e-05,1.714827587450065e-05
375748,0.0007488578192711973,2.24021766511252e-05
3712,0.00032354900091077955,1.3841146973151948e-05
10808,0.0003038935936102903,3.96683779563397e-05
2322,1.0854636047698815e-05,0.00010841445984133443
83861,0.00015586730122649594,1.986092966367621e-05
354,4.35097581776624e-05,1.513812998667224e-05
498,0.000602455791430886,2.1889471469525892e-05
10505,8.643406835630973e-05,5.189092370261587e-05
50650,0.0002392999375754891,6.147844354546163e-05
3684,6.787112524722599e-05,3.933483290710727e-05
5635,0.00036618709631831256,3.6137048038450235e-05
8620,0.00016468925747767837,2.0611398363805203e-05
64072,1.700885392608187e-05,0.00047488215479790755
100130892,0.00013778186353372246,6.516291030663455e-05
95,3.0753678375875576e-05,6.689738988564026e-05
2983,5.74738021467546e-05,0.00012441967324720518
4258,1.3317307358525229e-06,0.00011799345836639565
57016,0.023420950192290724,2.12031298742859e-05
317772,0.00011530048529525268,0.00024195574078009126
6273,6.262922251462244e-05,2.7278351214508077e-05
1287,0.000886404681284675,0.0005545728636382108
118429,0.0021288641384128062,2.579889478595346e-05
1164,0.0014214384167859126,1.757955924327536e-05
51112,0.0010547895868948185,0.00017396161960411905
81491,1.0239984734222128e-05,2.850466717612616e-05
142,0.002690596040195472,9.851314836804632e-05
59343,0.00212492647277519,1.4358005798848064e-05
6455,2.889258961413652e-05,3.0067988317521662e-05
4801,0.0012782662924357914,3.729641679318918e-05
9649,0.0020246218843880783,2.091174262639787e-05
9410,0.0002852301961656723,6.073640157286347e-05
80020,3.2642561461524983e-06,1.991767088352627e-05
117581,2.6144096187025544e-05,2.1637414114472233e-05
6613,0.0004662735714469042,5.434633252616108e-05
8882,1.6285967218268145e-05,3.1459766901882044e-05
79228,0.0004696415273253961,5.572355855497445e-05
7009,0.00011011710490073731,0.00013805757624702535
2553,0.0009576316577140767,2.117103385453209e-05
57549,0.01881670502799886,6.14528705998425e-05
55829,0.00019924409266959005,3.0002613881712094e-05
9541,0.00019624749999863246,1.3776610385678768e-05
5670,7.226395295749598e-05,0.00040938384557032885
128434,1.6410794615819427e-05,8.449172637982067e-05
64135,0.0011519228686152952,4.967404451996953e-05
2296,0.00047894668939409845,2.985905034879403e-05
79415,0.039259742134400415,6.199697475136561e-05
150094,0.00120582139884175,7.580607532343367e-05
64129,7.573564618986918e-08,5.961899184325786e-05
868,2.7658404549437588e-05,5.871301010298471e-05
81629,3.3399223269113446e-05,0.00010545784959514653
7098,2.581791712251273e-05,2.5960898424704968e-05
85007,5.067081368436675e-06,2.7879024526331102e-05
25802,9.217902743525563e-05,2.7811227419896552e-05
653489,2.600814107494883e-05,0.00010292763631827739
4488,0.0001384117330893806,1.992703312060771e-05
26960,0.00044188262753255277,2.0861348966879352e-05
9778,1.9268813444321673e-05,7.448700071054541e-05
353139,0.00012319315647345042,0.0002673430855434299
23016,0.0006175233369094616,0.00014909666213347656
55143,8.39192301586717e-05,7.359885332152136e-05
729603,0.0001284993945898262,1.4864557316411708e-05
847,0.00031567963526907776,7.176784290806681e-05
88455,3.62665396630896e-05,6.702264448288681e-05
342132,0.00039432584890368373,1.4499590864767095e-05
92979,0.00032405910849961903,0.00014592945607505236
9397,2.2735538872260018e-05,9.63575435515903e-05
6897,1.3815018310252148e-05,5.9366020028252366e-05
7468,1.6186536817073307e-05,5.8792213300050734e-05
158427,0.0005055488130039327,1.369794473936839e-05
5884,8.794628974977767e-05,5.6712379865009966e-05
91050,1.3051183908715621e-05,2.5710140893844402e-05
65265,5.60459420420754e-06,5.283597509951289e-05
55352,0.0006502277973327504,2.4254429429095167e-05
90113,3.1317719166958595e-05,7.709668799561643e-05
4076,0.00020649227210003525,0.0002012567952361661
27250,0.0002040442654809727,5.014570424224923e-05
124599,6.316554898704609e-05,4.7435594937142515e-05
10617,1.68056497125377e-05,3.068661937688948e-05
10849,6.165158752490618e-05,1.7381744230336438e-05
55902,0.0001606536530661563,0.00012753167538964602
5428,5.0012362696486844e-08,0.00011208288415334116
51250,0.0005591077354700757,0.00019901441508072087
65095,8.297586002245891e-05,0.00016521061828701257
171568,7.891168075465973e-05,1.7278026741283544e-05
1894,0.00015713562003376715,4.245220231558123e-05
8555,1.750689816778783e-05,3.124892193102032e-05
1600,0.00025258046417073096,2.415823190017385e-05
11141,7.766787878765206e-05,8.903445805233814e-05
22890,7.488541159067805e-06,2.0869382548534127e-05
79931,3.9054543030891876e-06,1.4247527600728837e-05
285971,1.3395369962919491e-05,0.00017517115824156127
140688,1.4769923011241066e-05,1.9778444554728007e-05
6767,0.0003961967757402423,2.0224457026760757e-05
134285,2.610122077736328e-05,0.0001239027278020283
79696,3.5696664953209145e-05,7.696708096101705e-05
1832,7.159435675612517e-06,4.0040279111722087e-05
4327,0.00017308854671453815,4.7133277454844125e-05
1446,0.0004591074002888909,2.755196786453105e-05
26750,2.652779226567442e-05,5.3351373089851166e-05
65243,6.6705778789368055e-06,6.18689647787188e-05
79850,1.8087877952619552e-05,3.3851120873844054e-05
59345,6.356263799948016e-05,4.6494257938068324e-05
1819,3.5318987973055263e-06,4.679983953539133e-05
653784,0.00024860415253595515,0.00011580401244068378
84676,8.370056882666886e-06,7.104532052486092e-05
51144,0.010743076435240624,3.51846851914948e-05
64779,0.0006845127276170428,6.284065684154317e-05
57639,6.527826494913505e-05,2.222248315564714e-05
5817,0.00023680039002311595,3.791640626893348e-05
6887,3.4502965862467864e-06,0.0002030122452562561
177,1.0706964398600263e-05,2.9756862793486373e-05
26528,2.2533049576972474e-05,1.4928959716515104e-05
2272,0.00013656233861054055,1.4673299495655428e-05
23286,5.5409758468717416e-05,3.971958454032337e-05
222255,0.00015040994364995354,6.043597850198887e-05
6588,0.020787463383239897,2.0029344563947254e-05
57134,0.00040674548165497645,1.4266256397354786e-05
2631,1.1161195302129666e-06,6.403112547166306e-05
3824,9.400425993994178e-05,4.476404177329413e-05
51440,0.000712723775875848,1.455295483600974e-05
9141,7.48390119456925e-05,2.0376043816840624e-05
7120,0.00039886515662022735,2.8015741794601722e-05
1103,0.008386758734229852,2.047793680058486e-05
5442,0.0001610613670330627,1.4914266006319378e-05
60489,0.0006317971605677559,2.345690776136487e-05
65124,0.0007764254397252338,2.3654852970944707e-05
874,2.9010041884810333e-05,4.49370842826379e-05
23047,2.919334484378051e-05,6.753775151482914e-05
63935,9.95037041963492e-05,2.529602803309448e-05
54883,8.409228474632882e-05,5.615241919096765e-05
80142,0.000715904971435893,3.1383376808871703e-05
5645,1.061794872098734e-05,7.062988704935707e-05
140469,0.0011383258167935385,2.594084447258954e-05
153743,0.000797950480756939,1.4524650049263924e-05
3433,5.802494300398721e-05,0.00013644928842688504
90780,1.1161964682873123e-05,1.4821604985081437e-05
51110,0.001673902317420346,0.00010439958063696432
84310,0.0004961307001681571,7.65159984255882e-05
10360,5.76240205424351e-05,0.0010960473807223375
51107,0.0007650731557685194,9.874591426468364e-05
51554,9.660322615083203e-05,2.9489236887130844e-05
51651,0.0028546488013483063,8.086063399899249e-05
1984,3.3005468102898777e-06,1.9049590785428276e-05
901,0.0009856728846983382,1.5033618674568737e-05
10775,0.0004657847393846188,3.868371970475777e-05
483,1.2252461626330454e-05,3.985978031874984e-05
9662,0.00034793284866023195,4.7235346043301724e-05
219736,0.0018473713429121264,0.00011413757739906637
4710,2.4710824453511063e-06,9.515428435708155e-05
150221,0.00096753521669563,0.0005171410212413982
3725,0.0002585527896411767,4.679943862674912e-05
80764,4.514109191298686e-06,2.8086916934385606e-05
79724,0.0001308103076191889,4.549539689276342e-05
4922,5.4973946479309366e-05,7.681535452512932e-05
5239,0.0009021866141437079,3.718674269966803e-05
387332,6.635394886655162e-05,8.062041529538337e-05
3916,6.118248248857542e-05,0.0009508469147906504
3954,2.5708182292343667e-05,1.4118858799340713e-05
2834,9.352271562658101e-05,0.00028648677644170766
51251,3.6577393036837253e-05,7.582296078490775e-05
1312,0.00011757646287424013,1.431102759986345e-05
4311,0.05752314120468605,1.4742274740790414e-05
9935,2.2318528611539383e-06,1.455295483600974e-05
10785,0.001246815538884475,2.7531406271845075e-05
116841,0.00024380869604099644,0.00012108185550929175
7507,0.0011588808169120592,6.236421855737854e-05
9928,0.00248713762494411,0.0001430012846418159
10529,0.0005856298223197437,6.694343959236696e-05
2099,0.0015369013558755556,2.1153400879464266e-05
8993,0.0011364697590343252,1.4279117548195956e-05
9368,0.0013008938526875016,4.708968935063374e-05
150483,0.006678592626136111,7.96780836547608e-05
8455,0.00035799819286872923,1.4152080197399709e-05
55026,0.00018445296254501574,5.8078375080150894e-05
11129,5.828281422861905e-05,1.881770301200155e-05
56672,4.408064174616456e-09,0.0002373817640069852
7879,1.1767856768174013e-05,3.275897951014476e-05
23119,3.551501972943733e-05,8.264889833776058e-05
5422,0.0002406235865237133,5.5035600313877226e-05
10607,1.7324200958810456e-06,1.797812996704846e-05
55128,2.064418507416241e-05,2.339331741248104e-05
908,0.0006191150211608058,6.977019381222524e-05
1793,7.048686378875935e-06,3.726301926686704e-05
5592,0.00015772359349096153,1.5920386857386152e-05
93664,2.7522533316538228e-05,0.00016794828956966006
130507,2.8135459889065495e-06,7.366379604510267e-05
5717,2.8352849658274943e-05,2.2558120759630218e-05
6916,6.789197034091762e-05,1.8421063354415523e-05
1840,6.94504248966436e-05,6.930118290479287e-05
9306,0.0007289321329861514,3.1364531509654506e-05
83442,4.34808949409052e-05,0.00010682310242853467
55503,0.00018005183870308395,4.429277687027935e-05
5914,0.0004561306806804456,3.592488601781698e-05
2053,6.514454787303631e-05,6.290301817711524e-05
840,0.004249610310505813,0.0002786750456312178
26230,0.00042800951454776125,6.358957858283582e-05
7730,2.4745479927640388e-06,0.00015177178736658917
64800,0.00043247858864014615,3.0509672123645418e-05
121549,0.0004899952431586482,0.00013306696744870368
23186,0.0001983810829843366,1.558031047929069e-05
25945,0.0005402959397377755,0.0001284796719920449
64778,0.00046587106446745283,9.441498521089832e-05
8703,4.065615671804674e-06,6.767404894200506e-05
6242,0.0014407437574267144,0.00018155575842027964
160419,0.001724039653396454,2.631828184603837e-05
6710,9.50587345196102e-05,9.557000694227696e-05
4736,1.2735705128175461e-05,5.384762124196759e-05
57665,0.007911926964682953,6.294818280767906e-05
83737,6.141867068970568e-06,3.103519557296533e-05
10330,7.789241427643697e-05,2.324763708485407e-05
4771,0.0002333950125737484,4.147359191316113e-05
7046,7.604531098162281e-07,0.00010509177941124126
407,2.398540823850228e-05,1.5490144301745062e-05
84342,0.0014589183348344887,1.4707397608784676e-05
9049,1.9440006426092362e-05,0.00013917743398753554
7158,1.4115275573692747e-05,1.4742002648014175e-05
1026,0.0014012923178032715,2.8679311182733337e-05
5793,0.00031477940879261,3.221705827335465e-05
55679,0.002571983714530586,0.0002918787192284789
9636,2.224180567399929e-06,1.4260005333761636e-05
55809,0.0003192337282164932,0.00010060102432178914
6746,0.00016692698918585545,3.0879863683544226e-05
140461,0.00013907211521911036,0.00014155850752366092
284119,4.218394606743775e-05,3.675687826096072e-05
1813,8.797323109254832e-06,2.3242719450829677e-05
201626,9.185852599796735e-06,4.991728092198095e-05
221017,0.0001789025588061044,7.15528292880104e-05
10049,0.000657233240605432,0.00014976976435045617
1527,0.0001699675371060143,9.098509551721824e-05
7694,0.002749881870337734,1.5810563221442947e-05
51702,0.0008934626172109385,0.00012650928664789717
11155,4.2444763160677044e-05,4.759837759932605e-05
3204,0.0025497001287972426,3.958168802074155e-05
79690,0.0009148060865095889,6.766575601341318e-05
7220,9.59225679749489e-06,1.7257670420059028e-05
2914,0.0005627648518337217,0.00010919917758388379
23607,0.0005609946358872193,0.00015150268684601187
23786,0.0006631301585295169,3.537193200774169e-05
26092,1.4263430341566636e-05,1.8761014936482097e-05
23268,0.00014101724821898,0.0002344853183424323
353144,0.0001399712631242603,1.4585707956661034e-05
5093,1.1494945244913673e-05,4.7139100774198994e-05
80854,0.0001763962090485376,3.785570259530618e-05
81037,0.00024159457853114094,1.4970881448878221e-05
54187,0.0003169431459599896,1.4253320592154478e-05
1453,0.0015928072269066997,0.0002860364463284267
83658,0.00010045129821132578,1.593743982157929e-05
3097,0.0422225926108474,8.652689177972268e-05
2151,4.3302933179544475e-05,0.0001653785272149912
147746,5.6045664024322123e-05,0.00010122329333267177
8367,0.0007044938867603828,4.75689066905885e-05
5930,0.00041226983741333225,1.6028680219177998e-05
51806,0.00847582984550822,2.827878088080775e-05
1954,0.0007407456732012273,2.680912426980343e-05
729515,1.3129934852881484e-05,3.3079307781997784e-05
2010,2.3370075479201412e-05,1.846105276341903e-05
89782,0.00015823022782108278,2.348707496634557e-05
29797,0.0007629255271202927,1.4649843583683896e-05
5021,2.073322736621388e-05,0.00020475452698563406
56267,0.0005620230542769777,7.889253271918916e-05
339487,0.0010126450884890498,2.7969760838772433e-05
6462,1.8253991972592002e-05,0.0003135272798279182
5197,1.0112761216036931e-06,2.578064126001431e-05
5367,0.003129161989309575,0.00026729121148468573
8356,2.2190996534979695e-05,4.509053424269902e-05
5105,1.8803060715103949e-06,1.4593140101518204e-05
79706,3.6577393036837253e-05,1.248855167562487e-05
146395,0.0010248623664179581,2.6650576490251133e-05
29057,0.00025774070381462595,0.00012732485921740372
28966,2.14465211178646e-05,2.368206916578235e-05
57050,0.00015265337569301136,2.1359696308126274e-05
10135,0.0010010169330714011,7.857695870381122e-05
89927,0.0010233354320492954,2.366815972920746e-05
22995,1.394239221148249e-05,0.00010290402844056885
7328,6.436195859910773e-05,3.2017506987687226e-05
10451,9.540454552213343e-05,1.879670484174135e-05
10210,0.00017988886450470722,0.00015944007520286732
10445,2.027642894268271e-06,2.2012053379993275e-05
4105,0.0005475590325551612,0.00016340239709382824
142685,2.4008524055861472e-05,2.5281904448485e-05
79848,0.00027365250884572526,6.578504989584079e-05
9978,1.2426042582515651e-05,3.428297774497629e-05
11176,0.00013826921809126063,5.289364649175107e-05
51559,0.00018786120431931718,0.0006797648297865056
51244,7.221231105446639e-06,7.705909495929754e-05
5873,1.472294429846281e-05,2.6345352720108525e-05
10979,3.265925218335556e-05,1.9102710526974667e-05
23412,0.000510478012385118,4.322733900518757e-05
57697,6.005418088063217e-06,9.501668763805689e-05
10324,0.00033950381277664314,2.8984714730327967e-05
4723,7.453806023473383e-06,0.0001584705773042697
57522,4.833284205570645e-05,6.802485771072246e-05
80709,2.1300831347373835e-05,3.306595653370875e-05
8660,0.0001308550985602045,1.52978882770064e-05
23334,0.0006445002061326834,9.626477697005582e-05
51202,0.0005141688150313088,0.00014518906324243732
340706,0.0004492055595433979,1.5148678852818495e-05
55534,0.00014822341329146868,1.4651606075560547e-05
51514,2.373958325321588e-06,0.00013412882673805254
7462,0.0006455154704005007,7.041630196863236e-05
6925,0.0003389951966798549,5.198864261886749e-05
399687,0.03967645862201394,0.00010434144056189194
9068,5.8217801787051223e-05,0.00019051647630887895
116071,0.0002098041883068384,6.0209955596006715e-05
23581,4.126320004166887e-05,2.9489726780664122e-05
22933,4.136578761861157e-05,2.4794186815381388e-05
80332,1.5781290185913612e-05,2.6256942770599412e-05
2242,0.00011607216599972213,0.0001160300737474919
2971,0.0006755324148009726,1.965116854823042e-05
1149,0.0004733472756616589,6.108364455754007e-05
55815,0.0005071620558892091,1.884464386809361e-05
23091,0.0028639580965787227,2.2574384007941806e-05
4224,9.062792668438548e-06,0.0002343656395160791
338917,3.0528280951916316e-06,1.8568709799140114e-05
84622,0.00027438817321783247,4.3160311275960276e-05
51280,6.9594161196315e-06,5.0162868959974457e-05
1493,1.8173811537184666e-06,3.507702369130508e-05
5166,9.144491915092415e-08,1.786311449779138e-05
23371,7.300227018533217e-05,2.5995285916679134e-05
2669,0.00015391209347209904,9.746609715991146e-05
54622,0.00015968445578185412,1.5058720299429857e-05
5210,0.001841842354929053,2.267241596599596e-05
51068,0.00026434808170581705,5.5068044971517336e-05
57664,0.00011753119799105688,3.026839925945973e-05
2683,5.15928054224902e-05,2.0289154460737168e-05
2864,2.179971377384047e-05,0.0001021708831381286
79679,2.8856335955221984e-07,0.0006662083053206098
55236,8.923516336257088e-06,0.00019843512425496182
4340,9.11996305498441e-05,4.5827614031578e-05
162967,8.590489600105994e-05,5.474315856002238e-05
2798,0.0007162548075498112,2.4256604018286894e-05
79648,0.0003141499919149663,0.00015746275674694845
23360,1.3854748210262493e-07,5.319108670932266e-05
343035,8.67781104108992e-05,9.150099103565507e-05
79921,0.0003944516189072361,1.4786971267291155e-05
55233,0.00020535126375000731,3.3459480621824626e-05
54584,6.14497534082873e-07,2.257129438612405e-05
53339,0.0005935659080108151,3.658661374787852e-05
374920,0.0006936839678585285,5.517757956548403e-05
55027,5.689346684925193e-06,0.00015318843989759032
2882,0.0009370103489537663,3.919536658394114e-05
1933,3.6552733456959405e-05,1.843542052112383e-05
3673,2.919334484378051e-05,5.4888310930035097e-05
10513,0.00016102134961204243,0.00011194882623919118
358,0.0006378234774827084,7.628628270110845e-05
51177,0.03896387891306203,4.672835549945422e-05
112611,0.00015357949094778545,1.484696653572607e-05
4496,7.914368903264166e-07,1.5994980447993602e-05
8379,7.068767678481277e-06,1.9114307176372124e-05
57541,3.0795311668182486e-05,6.591226524672628e-05
6434,4.595899013993083e-06,3.681116749941024e-05
79803,0.00040498839144626435,4.423023805930514e-05
2354,5.7779407828148724e-05,5.1781870802358835e-05
23066,1.382142837468286e-07,0.0005332732631241725
5307,9.273265700485787e-06,6.712098843579459e-05
10327,0.0003318048788683566,5.404152550858161e-05
6358,2.8601299305511612e-05,2.159568787721291e-05
196528,0.0028134165581907263,3.668267772669788e-05
6860,4.149998509423203e-05,2.452922659065416e-05
65005,0.0028137630948823706,1.8961051425073676e-05
5143,0.0004594429849214298,1.4964632953691493e-05
2919,0.0006437984974358521,1.411521394642016e-05
27350,0.0008404899046280698,6.449047342141775e-05
57507,3.6577393036837253e-05,6.842527107283788e-05
63946,2.5173231975285112e-05,8.209748928810145e-05
22928,0.0008029449975549029,1.5941609616947107e-05
2554,2.260903039213536e-05,6.997617125505348e-05
9353,7.615166944518314e-05,7.449355861641782e-05
22864,0.0007108295354544763,3.378909729625108e-05
58,1.8057815385712868e-05,1.696162945734112e-05
433,0.000712615412182218,3.6887112676248975e-05
57649,0.00025081042987655755,2.0267380608155552e-05
58473,8.731826983593535e-05,1.9188018165611156e-05
64506,6.479256513342172e-05,2.6697895999722264e-05
1073,0.00017614877704472644,2.4690688731156344e-05
100533195,8.431867438804193e-06,1.4742274740790414e-05
114769,2.622226730245314e-05,1.3774778000029918e-05
50937,1.4610784827693579e-06,9.767031441184516e-05
8738,0.00012049466925501331,0.00019613329085113636
970,3.3674321956411406e-07,8.173766981835277e-05
29958,0.0008019887838950143,2.993821170038522e-05
4115,0.0010342009631265686,5.4425746040456566e-05
83444,9.118156618210887e-05,2.04797843572437e-05
5081,0.00014065299423982245,1.4795099903543337e-05
8813,0.001880645067892833,3.123791651354807e-05
81576,0.0006015688709175469,0.0003105659974862395
56342,9.053918483739321e-06,1.9551036215329844e-05
4037,0.0002689507552555131,1.4483416986897672e-05
5935,5.605528554580365e-06,5.220838621697412e-05
4774,1.0106068628146748e-06,1.9638474640451563e-05
143630,0.027176450369144498,9.738470423906127e-05
65055,0.0003430268701383499,3.444555161192836e-05
27018,3.6295795179891995e-05,0.0005318536635519022
8896,1.3943930734585858e-05,4.2496905118852136e-05
22883,0.00019997864130722235,0.00012991287721278026
5507,0.00011438665715604467,8.42033421883994e-05
8972,0.0004369521606582687,1.4651606075560547e-05
246243,0.0005432758678438331,1.828175420361422e-05
6576,0.00031914886026579377,0.00017484413012930323
57325,1.5871417151346294e-07,6.13103808631492e-05
219743,0.0001384117330893806,5.221343045076037e-05
133957,0.00016102134961204243,8.983109375193432e-05
3811,0.0001007827941844069,2.565841611077949e-05
64795,5.258702198414683e-05,4.4152903295831905e-05
128308,0.06904545739028499,1.2587539394632062e-05
11116,2.3972201853771024e-06,4.203992389084957e-05
4067,0.0006462922560212265,3.5145028649841644e-05
27175,0.0004706230216277781,6.552829432458796e-05
10016,0.04064034900016457,1.428541284094986e-05
3383,1.3958574472961811e-05,2.2389029762084553e-05
245973,0.0007532445329337246,5.104585146933313e-05
114781,5.582200629233396e-06,6.314547505343547e-05
1173,0.00019173187890107973,9.993868025332136e-05
8763,0.00019762632532033264,7.667518237996758e-05
308,0.006123482636460215,2.3773996983552854e-05
6687,4.593051645644815e-06,7.600443010438872e-05
51573,0.00046462435493167846,0.00031367996248035326
8735,1.3157583208102022e-06,0.0001797001386731316
5349,2.3252376649420485e-05,4.355272192553731e-05
9107,6.2204551019738e-05,2.7441587436839783e-05
30012,0.00011404819676441352,1.4390215847506182e-05
57659,0.0007767601925984187,0.0003337264618902582
2893,5.081536411524044e-05,1.639492994812852e-05
535,0.055285655921883545,0.00013614839199559828
6272,1.4292052646848621e-05,3.0352693583559252e-05
51227,0.0006697468835482286,1.757335047302225e-05
5721,0.001378041700813299,7.05913094729829e-05
8669,0.0010560275259679406,4.31319516279484e-05
57804,2.264997330551965e-05,8.798906863645748e-05
84838,4.964240135212934e-05,0.00012157661632900419
80125,3.285244849699393e-05,3.162391793536352e-05
8243,0.005900397429248048,2.2865489408264632e-05
1463,0.00025258046417073096,1.4247527600728837e-05
51022,2.9448460063354156e-05,1.3774778000029918e-05
54407,1.1829237498996947e-07,3.408698555382381e-05
8128,2.213452222161667e-05,1.4588783500456659e-05
3014,9.101864582240034e-06,0.0003232665432906495
7767,1.564687695090799e-07,4.316840077572376e-05
78994,4.0143920562109544e-05,0.0001295196462712722
10956,0.042250856389809986,2.5921855396356965e-05
9724,5.543240373160585e-05,0.00015829666009802227
10791,8.707346477031231e-05,8.669664334628926e-05
9863,1.5718942300467314e-05,0.00011124882629926255
79571,0.0003873909567399802,1.9043334495896643e-05
7629,0.00025258046417073096,4.324897871026287e-05
342510,0.0001531115821917684,3.421969408682813e-05
124401,0.00016379302430296976,0.0005664481472843226
55082,0.010175151884377773,1.6216171341620215e-05
26585,2.4871948570259232e-05,3.518782302209413e-05
83990,2.5494065030187795e-05,1.54893977152677e-05
10780,0.0034692416756211732,3.31610414403801e-05
51639,0.0001564300776689675,1.4843533267409214e-05
594,1.6366638845872455e-05,4.634221155341552e-05
55048,3.7786636831087093e-07,5.345906001955158e-05
10580,0.0009215102254330235,7.065500258762951e-05
8971,5.582200629233396e-06,0.00030300428205053354
2974,0.00029873459284694123,2.4919951321192835e-05
7086,0.0004357205273002779,0.00017128638928062988
113829,2.37285081862159e-05,0.0003685145204955623
8078,2.3410743559466607e-06,6.926200547950295e-05
11196,2.9548304187048887e-05,8.980637828499529e-05
6908,0.023708114735710002,3.148715715699631e-05
84239,0.0010095189028082995,2.305394336537845e-05
23112,0.00017717775809839842,0.00019195317810526255
50507,2.4195190757818448e-05,1.455295483600974e-05
8692,0.00039062204043289225,1.7932290731812035e-05
163087,0.00038341363967095356,1.9929695510194944e-05
51283,1.0821245328931045e-07,7.688939966435656e-05
1791,1.7623253143171884e-05,2.4954164910288948e-05
10302,2.1586325905115095e-06,3.376204783470388e-05
6156,2.6613954632174848e-05,2.246656491554234e-05
9210,0.08363761429152503,0.00017892817250790514
6777,1.0828637433420339e-07,3.087959963479448e-05
57159,5.800540196860066e-05,4.5879444764807746e-05
10298,0.000451146951415023,7.321220797561187e-05
196883,0.0005072690019511441,3.158585258236826e-05
23608,3.3775765241910164e-05,5.049956369580114e-05
80110,5.258702198414683e-05,8.899660914423618e-05
7185,0.0003066639580921913,0.00011621490614406284
51673,1.6355906248019785e-05,7.412472640680482e-05
9085,0.00031832011372442823,6.562385345328888e-05
5555,7.073494815586921e-05,9.969707965218363e-05
388552,1.9825658625709984e-06,3.067687590830583e-05
407008,0.006048494817837763,2.2741585557746267e-05
2687,0.0014407437574267144,1.8588768540747334e-05
153684,0.0003718291264781337,2.3882976695994673e-05
23263,0.0001108453392644409,1.558031047929069e-05
7753,4.352077206271785e-06,1.8054695657428696e-05
4069,5.302165274220266e-05,6.715160133260537e-05
4921,4.8076543659598926e-05,1.9043334495896643e-05
1945,0.0001113725972274351,1.8548156862101805e-05
8650,0.0627833069195941,2.0937758936783223e-05
10651,1.4953871992439753e-06,1.4067526254773577e-05
7412,0.0001738393834297149,1.9342333320119202e-05
83734,4.847106167887484e-05,3.898412523676407e-05
9001,0.0010569388585535034,0.00021070459104643234
7409,5.824367658475748e-06,7.151943210328786e-05
9247,2.649907715182755e-05,3.825688087080361e-05
23053,8.548908268253184e-05,2.094515631415364e-05
6772,5.723076972355146e-06,1.4730890531955267e-05
79707,7.356554846678353e-06,6.117543925518235e-05
54845,9.391233074436627e-05,2.0654422745609056e-05
93323,4.8519729631739515e-05,1.556697538989905e-05
7849,0.0004814500306200471,5.148522718374046e-05
2742,2.0980386465884958e-05,3.793934415539919e-05
167153,0.0013283702481265488,0.0004141939739572669
26272,6.701420951780632e-05,2.7993364183979825e-05
11062,0.00018064638627672444,1.837934795114276e-05
256369,0.040789357953026385,3.399733715552803e-05
1366,0.00036966505797245185,6.26536422234013e-05
4173,2.824574697480468e-05,0.00016104743588724643
10787,0.0004833978728541718,1.4163305548971766e-05
9818,0.0007915012820731862,1.4588783500456659e-05
1140,0.0001003633044108374,6.466347333529167e-05
55735,0.020060312857830564,2.5517302582819582e-05
6510,0.0005365536227848106,1.846050103117712e-05
124857,5.1144093873506635e-05,2.5336546591097554e-05
653048,2.5934739905158907e-05,5.587283930735853e-05
1134,0.00025258046417073096,0.0005636611903705479
7307,0.011614366674443514,3.327245063229193e-05
7498,0.062084386624743686,3.13663277101762e-05
27004,0.00042996030736491847,3.7907377838974214e-05
85377,1.0651487241768642e-05,1.976449783562948e-05
5786,9.299440849003292e-05,1.8651574553595816e-05
644815,4.013482205973225e-06,2.418586190575041e-05
23348,1.1326261594548413e-06,0.00029784011488637267
1468,6.448194164491354e-06,3.743594221713184e-05
27445,2.0329916828914123e-06,3.875289234833957e-05
123283,5.457820142625006e-06,2.988407943831926e-05
6936,7.799302659999374e-06,0.00017918339931762928
11282,1.7170747280112708e-05,3.170043537704502e-05
1459,0.0001193931192775013,1.710566577832927e-05
8363,5.582200629233396e-06,2.7530308088849902e-05
64710,3.305385034070485e-05,2.5114062711580182e-05
126868,0.00018877304504541127,3.136636510476676e-05
776,9.090277340308888e-08,9.005687442041933e-05
6391,0.0025308700613746998,6.653283570332666e-05
130916,0.0002648544100259904,0.00012261926358798285
83478,0.0001012687272785959,9.640781116118206e-05
10514,1.1701657377424208e-05,0.00012493118624272017
50846,0.0005327464951237934,1.709793187678238e-05
80223,1.51056568886254e-05,2.1489822741484747e-05
3430,0.0011762514158893355,0.0002471826899565323
8773,0.00040750690919238785,0.00011725271903896043
83547,1.902180824468238e-05,4.197208111130133e-05
9816,0.028694143284408575,6.700789465085243e-05
60682,1.5586752261632655e-05,0.00010216526122025525
128869,0.0005655094075157414,1.7058839307279362e-05
29970,1.141936324746083e-05,0.001267389875710401
23678,0.0003627873860596493,4.2168671883731865e-05
92421,3.9193622585292045e-05,6.463708678054962e-05
9191,0.0001439050628839394,3.493156367294608e-05
412,0.0019227873647160783,1.455295483600974e-05
50807,0.003359443521295054,0.0001057682904633999
1844,0.00016817563446339817,0.0004529838365697362
23241,0.0001418930275364535,5.7229908956883906e-05
7919,0.00285430986940509,3.9454752608447716e-05
10363,0.0002994721044817914,3.925252891189191e-05
4026,6.1217256377364095e-06,2.5636467468348878e-05
53358,8.031753007952589e-07,1.9759139374634574e-05
330,0.00019405829028158722,1.628936905353495e-05
148423,0.021810709224195174,1.6190146164472445e-05
4609,1.4986823903302169e-05,2.749930304304823e-05
51657,5.1956456738986525e-05,1.5269528050271216e-05
2224,4.347270153172361e-06,3.6894780779009835e-05
7122,2.9232455021680664e-05,2.013061370475338e-05
10216,0.00013126481097285186,1.9043334495896643e-05
140890,0.0028366601201495058,1.8561776253445343e-05
1654,9.199708887983532e-06,2.849053809019523e-05
10476,0.0003910859642228511,1.7686279348652e-05
9510,1.7105357382330804e-05,3.1189362587755816e-05
3638,0.00015406838367266166,4.070566726247453e-05
6274,2.109649552075677e-06,8.111935726855656e-05
4293,2.1780044183140587e-05,2.600770423166411e-05
63905,0.00031732990783559157,6.27682648757766e-05
51279,0.00035448191673388176,1.5422040897706292e-05
8898,0.00018606318309394464,0.000126814928564568
114908,0.0001804000089274744,0.0001550406181981749
283989,8.84052948751001e-06,2.111666163543034e-05
4832,6.107087906724491e-05,0.00024202760714527575
79001,2.0651600650206743e-05,4.096790591457865e-05
27253,0.00012546318544697036,9.305717435145843e-05
79035,9.622684730998404e-05,5.642978238209458e-05
22903,4.42604156513828e-05,7.184544099891511e-05
8793,0.00012109799496802967,3.373989830295443e-05
11128,1.7406272489910813e-07,3.0437830248124384e-05
4232,0.00013119766921310932,0.0001676060495286932
881,0.00022285697735135123,8.212262887672344e-05
10109,0.0004842906553075743,3.0554800145896446e-05
10903,4.66926264274164e-06,1.7478757868560024e-05
5932,1.909884408732814e-05,9.901481986076048e-05
1762,1.6293284523632148e-05,4.175483225409732e-05
339047,0.0001863019168687696,1.4414366294269465e-05
11218,0.0020947227180752245,2.8317264038400437e-05
203245,0.0006898297810801382,3.9985070860597694e-05
4068,0.0005701569220943151,0.00038212449974425327
197257,1.2052788368698893e-05,5.678720515164482e-05
8445,0.0002511962489768571,4.8483484069798754e-05
7270,0.0011712469229219569,3.835032021448294e-05
9540,1.7909666839662208e-05,0.00012699003691250555
5886,5.0053612402341854e-05,5.144901657256523e-05
114034,0.0010197130212703583,0.0005516966018625331
9180,0.0023522978908855747,1.4543282234631187e-05
51533,0.0021406482326731774,2.4891991469771225e-05
51258,0.0008854644850834188,6.452087320722414e-05
10206,0.00014782968793836863,2.0859490208616986e-05
84270,0.00015565286164304247,1.586652433887803e-05
122553,4.3116767971742425e-06,4.516198705253046e-05
4145,0.00013814174118867846,2.9452442669656924e-05
3837,0.00030370930463536434,2.6585209715240782e-05
4045,0.00036915519920815835,3.0260931371857406e-05
10460,1.4769923011241066e-05,1.593743982157929e-05
3590,3.93728774426204e-05,2.684030130149588e-05
285622,5.8234482397995544e-05,4.613201547569261e-05
1131,1.68056497125377e-05,2.9920212519143757e-05
8218,2.218168969651485e-06,4.5890404011598925e-05
440145,3.3692823595665756e-05,5.551629876669546e-05
9655,0.001229550345173725,2.8816058700177467e-05
10220,1.8502033992871882e-05,5.163917179493063e-05
2166,0.0009004113569617579,2.2461139577604995e-05
81932,0.0007917000875279157,4.196841724044226e-05
525,1.1565924086074685e-05,4.584490740727084e-05
65018,0.0023117899934784075,0.00010728633827950037
285527,1.8281089677891557e-05,0.0001494104962345766
112398,1.5555609457229618e-06,1.863279506516151e-05
8479,3.533835479823394e-06,2.292394421266925e-05
3807,6.474556897150584e-06,3.929031683952486e-05
30816,8.681815315996547e-06,5.956419825405851e-05
201562,0.000169272146231721,0.00016037468662255503
3694,4.11144733478712e-06,6.666865296727975e-05
81848,0.0005470853071926441,0.00011244213661996475
200558,2.594131356469714e-05,2.1511689844768082e-05
11096,0.000270784168310089,5.1487981807119895e-05
5920,0.00015008597156620723,9.131396965254487e-05
8893,2.1299958672041615e-06,3.592568808291034e-05
51701,0.00043228505696437546,2.748746506062661e-05
8535,0.00013115587210544115,7.748771077416881e-05
3883,9.3968126855048e-06,2.0271128579644137e-05
435,2.665478552815778e-05,1.4885081151045723e-05
23145,0.0008345715726994326,0.0001369029501740198
8604,1.0194716806408449e-05,9.125021343772498e-05
80232,3.1400967000915237e-06,4.474274234488552e-05
9887,6.250613870769414e-05,2.760052358130834e-05
7089,5.252155319139298e-05,3.1854890090756095e-05
203562,1.278494499069792e-05,2.461683544340066e-05
7755,0.0001356023447372098,2.6897798880469908e-05
57634,1.625880888281541e-05,1.4914266006319378e-05
79089,4.832689751004308e-05,8.004470862537235e-05
93611,0.0007013255277177165,1.429730938272906e-05
3910,1.5227312015503919e-06,3.348219891745665e-05
57189,2.6335800256014158e-06,2.9255707828040552e-05
152756,0.0001791387913557005,9.789229065543839e-05
10114,5.796872107800639e-07,3.937968420525856e-05
91445,8.213019366653324e-05,0.000104822209623353
55839,0.0462039987015169,0.0002797603754341784
285381,0.0068941197044525265,5.6118240673917584e-05
7260,0.00044658828260042607,2.242807875417859e-05
1489,0.0008596221714416813,0.00022967766225481147
84859,1.0488809655029758e-05,5.450855669573702e-05
79932,7.453806023473383e-06,2.774615998784793e-05
3213,1.3255547821899552e-05,3.9793330055338525e-05
55330,0.00015272570360860385,6.603668903704373e-05
2150,0.0003044072984184533,1.5228469331898814e-05
116985,0.00015693492712466544,0.00010557793196974089
1236,0.0001510341444292367,1.6056054142371254e-05
3614,0.0007125595757688544,5.205091514707128e-05
7913,6.75655412261733e-05,0.00012828903419072083
10058,0.00013818527342490222,1.2900059376723524e-05
84060,0.0007511577681050159,7.703139466856506e-05
1380,0.00013487153979441119,1.547178671912031e-05
22832,9.160058675467961e-05,7.813450143743316e-05
6872,1.6045285051165563e-05,4.849164584349341e-05
144715,1.983383841633702e-07,5.3449242180987385e-05
3199,1.3242538070454303e-05,1.7700606958224054e-05
57453,0.0011146284887586981,0.0001295302048466863
1118,0.0001834608768948227,1.3836383757960083e-05
3809,3.392193783733588e-05,2.7519759563730328e-05
4643,0.0004146719391784461,2.137504529498187e-05
55833,3.803010887925927e-05,4.643158161711859e-05
26228,4.065615671804674e-06,2.24378957416522e-05
23285,0.0008308917361583787,5.843279240743043e-05
8193,6.789515404850409e-06,3.5565429097930964e-05
64422,0.002187989773095557,4.4925865953264615e-05
414060,1.406291411516058e-06,0.0001209416825255738
3732,8.307008342449287e-09,1.5138785905294188e-05
51352,1.3373072868778984e-08,2.9887753523186895e-05
6445,0.0004031933100714747,5.674955484109494e-05
9678,6.5383246146070375e-06,2.6148063758095165e-05
9341,0.00026263611435661815,8.801183184466659e-05
134492,2.030561117446699e-05,0.000566845786440539
59339,1.401033061800753e-05,0.0005594446389556593
387338,0.00032067372946157697,3.619772645315683e-05
27254,3.4232128866774147e-06,6.387084742707218e-05
9781,7.744817530395291e-05,7.384125985148438e-05
6522,5.47244303840184e-05,1.5012492652837817e-05
2627,0.07945455467788944,1.738684320810296e-05
2993,0.00011537368273205922,2.4420625867484642e-05
57555,0.00013096446788463,4.1214893767244204e-05
55069,7.529878916820116e-06,4.189827127907544e-05
5463,0.0004245847092591429,3.9163986453531426e-05
170626,0.024905541123508842,0.00020377505174709896
3017,9.053090332004279e-05,0.0001057294150203333
1524,0.0001462985804738747,2.5998857035817383e-05
117177,0.00030487079666456944,3.8514902716426916e-05
24144,0.00032613816449502455,6.224734861403335e-05
7314,4.542419339958103e-06,6.569686494724991e-05
80742,3.513133156806882e-05,6.528437545838507e-05
1161,5.647998456019475e-05,0.00013984866565524008
10156,6.805525078793042e-05,2.169292159550397e-05
152687,0.00017861378773779995,1.9871545147793853e-05
115352,1.3114070517139515e-05,0.00015143325146373585
84148,0.00014083204602673187,0.00010979464998537519
51560,0.00021908593955288847,5.0443492186720164e-05
9024,6.976634996119118e-08,1.8392939656830572e-05
8573,5.175302314153495e-07,2.4120768328587977e-05
27,1.4850057019937988e-05,0.00013838553761547567
285205,0.0004671189617734018,5.624947707606844e-05
3211,0.00020423966874699736,9.608592713305193e-05
79735,5.2622590469350595e-06,1.5775132470468677e-05
57379,3.448402942010827e-05,3.0522330056526316e-05
2653,0.00015727343414417735,2.8828999708804504e-05
23498,9.449516294383428e-06,0.0001221999301666811
6901,7.291220233340833e-06,2.2394298145051788e-05
4588,0.0008285793423877345,1.8700619133698246e-05
79677,0.00010071540622220335,1.4205307015365955e-05
5338,0.002974387976913025,0.0002707905219968207
8802,1.9388785976809524e-05,4.869870006156799e-05
80230,9.610098282336331e-06,2.1057638985242992e-05
54920,0.03125349282969688,4.6409319438427806e-05
6793,0.0004186326918706637,1.4066731906305657e-05
9356,3.166607985186934e-06,0.0004041413974560334
6472,0.00026380707685055366,0.0002636955037516302
56311,0.0001421908020170006,5.071525128063022e-05
5134,0.0004718503254709851,1.4186842370547823e-05
552889,6.79640998570778e-05,1.931387849393358e-05
5024,0.0006854871857271415,6.32580598459317e-05
135295,2.2333208099057708e-05,0.00014091003531096181
9479,0.0006135361648636648,2.9977657336170905e-05
56938,0.0009139614166952596,2.11583773755441e-05
22998,0.004393383972423235,1.4183047416164307e-05
150928,5.078563975983009e-06,1.7787332854045322e-05
348995,7.727025840209993e-06,1.558031047929069e-05
80021,0.000113534140063632,1.486149082945033e-05
132321,0.00016776382550694253,2.9119447505238737e-05
1068,6.311952625547472e-07,3.2393771880792444e-05
6152,0.00024167271241772604,1.7312911777465875e-05
7403,0.0010387784561666242,4.146985007047393e-05
83787,6.403490949073925e-05,1.4655264598133911e-05
91137,0.0006565201144070366,2.8207462988497434e-05
11344,0.07930480940588841,5.4096939779648726e-05
220988,0.0005038254389810717,4.8660417880034786e-05
150572,2.05141576230353e-05,1.6272718526193906e-05
134728,5.4198100796289235e-05,1.4315405397153434e-05
23378,0.0007060822669648913,8.214162347352061e-05
57556,0.00017845079377070035,8.134357822511367e-05
7162,5.250582731646931e-05,1.4890046105686094e-05
9741,0.01031352952098177,5.091187102216117e-05
152185,0.0008945838802570042,2.4097559894042184e-05
152006,9.195159213003872e-10,3.345496193119165e-05
4102,6.711207272367317e-05,3.813598422999626e-05
3491,8.113632680812771e-05,0.00019592830531143653
7076,1.1829237498996947e-07,0.00017718609503809598
4248,9.367009584061259e-05,8.8190398896003e-05
203523,0.00017031742257452988,0.00018051607336044145
10991,0.012497997972322117,9.47320656936548e-05
4689,0.00012080099373771261,2.0177902095355514e-05
910,3.459958218753716e-05,0.00013733897795779174
389541,4.86973896682751e-05,5.333409452712907e-05
26047,0.0008465206929825249,0.0002126830028229226
283078,5.175302314153495e-07,5.092050843119482e-05
51182,2.5816773440467256e-05,0.00026872197666200136
7048,0.0001363464146349025,2.6770558090076973e-05
51523,1.4255696772907843e-05,2.3123426242618582e-05
22837,0.0002892764696808075,4.580375981257033e-05
5981,9.205894111881864e-05,3.820236709831148e-05
115727,0.00011545324255322517,8.789147227608674e-05
2197,0.0003188969928161454,6.95478040092521e-05
27252,1.9015567617037337e-05,0.0002916522293831971
81688,0.0006762776938904718,1.9003444150812955e-05
5794,0.0005549417347594235,3.766264006141536e-05
253461,0.00010125539157875292,1.3812907251330473e-05
201595,0.0005914258050746993,2.338678080048123e-05
4053,0.00014024576529896057,2.0246905263818665e-05
7867,0.0002475455470809529,3.446895090177712e-05
25801,7.362711924909585e-05,4.204345344744831e-05
57474,1.7677959050492397e-05,0.00011705168837809587
85440,2.585050855062763e-06,4.053031367784837e-05
3308,0.0003714835041210417,0.00015117961691082186
84976,2.756828202553793e-05,7.97568884807066e-05
6567,0.00043042175801836103,1.4761324119955343e-05
81847,0.0011737836966279713,5.329223519424831e-05
54836,0.00027158021514564576,0.00034223229182920337
122651,1.7236270309192756e-05,9.707104760442633e-05
23038,1.150505014641275e-05,2.063579102112107e-05
7037,0.0002571983572846318,0.00013305218778004947
56895,0.0005770424072038644,0.00019552319196390982
79797,1.2278961014398129e-05,3.210443040156494e-05
5880,2.5523472747498272e-05,8.974037434078804e-05
121642,0.10304207601756082,4.763077145282437e-05
414301,1.5587278594983655e-06,1.732698516246871e-05
1739,2.326884456380775e-05,3.5641491612592127e-05
1672,1.0817945169191579e-05,0.0006638422372023304
89876,0.00025826095119168164,4.6786767259593664e-05
1207,2.1896273947688094e-05,5.089159553841298e-05
329,0.0013257538347917635,6.23065077768891e-05
64398,0.0011074599336911768,0.0001512560640726976
94039,5.676020200735644e-05,1.6272718526193906e-05
5554,4.280459041604525e-05,9.242038928572335e-05
54873,2.758843319923009e-07,7.725134799938636e-05
153090,0.00016017159349976108,3.598182587805461e-05
4790,1.884620326563393e-05,7.577886592043317e-05
7029,0.0003398649650658982,3.528343642437847e-05
246184,2.0738016049269637e-05,2.3076609387266614e-05
1231,3.2236998842730786e-08,3.6279227227626495e-05
996,2.9194243242283437e-05,3.278158956287645e-05
7579,0.002111476467009779,5.2161388166941316e-05
79884,0.006521279382152011,2.3550598286250708e-05
7832,3.858991545934798e-05,5.1227261353788074e-05
4062,1.2929063164271447e-05,0.00011733263655568786
6262,0.00021321324327305092,3.306022349709792e-05
255488,8.231975318682111e-05,7.434393868067803e-05
80097,0.0002988946012107888,0.00018596414035169898
375056,4.3114362781358984e-05,7.600228490866763e-05
55219,0.0016859226987953173,0.00021225644807880287
23368,6.448194164491354e-06,7.7777506385184e-05
56922,3.791674630071236e-05,8.520326190448144e-05
10525,3.809468297729956e-05,8.971646418262758e-05
546,6.86493069330923e-05,4.140793319774365e-05
51720,0.0005457500566966983,3.0198571461666973e-05
2232,2.408626650333062e-06,0.00011908655666947113
5627,0.0015704617287688124,7.203885256491881e-05
57692,0.00013526461351906857,1.5112186786921051e-05
54490,7.692634102795635e-05,4.661174501258924e-05
84124,1.5758855156684412e-07,0.0006389546961027178
80227,4.194649630210568e-05,3.7490301147599433e-05
55257,6.363152488343004e-06,4.1014871085907715e-05
60412,0.00012319315647345042,4.3665122032511215e-05
2652,0.0006538159405708807,8.524802920852103e-05
22845,5.239783679879243e-05,3.162247643314401e-05
1284,5.385810255181071e-06,0.00036076188965460316
93974,0.000538385916205013,0.0003878733133627908
164312,2.5974585276914003e-05,0.00020033231945114504
2557,0.00011559163314278733,2.10290717732242e-05
23450,0.004897312496564443,2.0919813020029413e-05
7173,7.023954309584925e-05,5.8330268740910594e-05
7517,0.001102894438395325,9.3742681343092e-05
6361,0.02469556147360914,1.852274060139935e-05
400569,0.0019003897577472854,1.8990435052601413e-05
58985,0.00010101205483081125,1.996425189119328e-05
356,0.0011794286219024932,6.246792405322106e-05
8560,1.5323533941971114e-05,0.00015952930727370344
6574,0.0005493855913076074,6.493063864450592e-05
146722,3.2229835171049606e-05,0.00010269956496538214
64087,0.0009968551690564828,4.287380007151574e-05
720,0.00022317506411358818,2.19630069023575e-05
3122,8.475172716431608e-06,5.442062696195604e-05
3705,7.755178687918174e-06,8.553561930410165e-05
285533,0.0004662457283648552,4.0574888944682935e-05
10893,0.00027020486968653824,4.6157406222341245e-05
1288,0.0002928654124826977,0.00013050163812459767
5719,0.042172823616134204,1.628936905353495e-05
478,3.3424230358256196e-05,2.7446715175642623e-05
6059,0.00048596502332287644,1.64759782299007e-05
1109,3.092756094453497e-05,2.998884697981162e-05
25764,0.00016753827551818008,0.0003116892464572153
5362,0.0009989087183980146,1.630733434561838e-05
25852,0.00039572918706995994,0.00015861114138249834
10295,1.0654933467701773e-05,0.00010368145953311772
57805,7.62248399091519e-05,3.595940385765647e-05
113791,7.234105270955608e-06,2.1353300112419586e-05
23102,5.82259266250133e-06,4.810102490597901e-05
7727,2.3354615874220082e-05,9.307578280649694e-05
285613,0.00016198482353094206,3.636236353510308e-05
56851,9.56643965411891e-06,1.8941547859709578e-05
22865,0.0008275650569270707,2.0224457026760757e-05
4678,4.065615671804674e-06,7.153042999984008e-05
23385,0.00040517165983878015,2.193192460235269e-05
10608,0.00291415271426454,7.024818437038067e-05
55531,9.35557300562608e-06,7.340293759938274e-05
83851,9.255245109113057e-06,0.0010146715586897336
51201,0.0014210254642712601,5.847509559261696e-05
79841,7.758371950384377e-07,0.0002977167854754459
9040,0.0004689586901205883,7.450143972499446e-05
521,0.0003256374012923165,0.0004211382407015137
79583,4.249851894253783e-09,0.00011864111255537124
57822,7.37678626608447e-05,0.00022817190315858285
8506,1.7559048478060392e-06,5.228856626711701e-05
54998,0.0008233610887558478,0.0001383523487685929
8741,3.827136127461385e-05,1.53513241144763e-05
6599,2.3990716320157838e-05,9.471769855579373e-05
56937,1.817586887393366e-05,0.00010173236654539981
1822,8.457247947310523e-08,2.6032635476369335e-05
51191,0.00011477338352760232,3.34561625242003e-05
55145,0.0002770416112126447,6.73639064910304e-05
23299,0.0001706214229156526,3.2777109859678254e-05
7332,4.222543328973992e-05,0.00011082386934314958
284185,8.014758457801938e-06,5.206316796655694e-05
8797,3.220134702507599e-05,0.00016305089638015755
3293,1.0177679359569453e-06,5.904461817736305e-05
57532,7.24267746947079e-06,0.00011396467288528686
5378,6.260842920269569e-05,1.4271182430968233e-05
886,0.0005048604854490717,3.370225329901071e-05
1143,4.1115817055006614e-06,4.6889702609494366e-05
7171,2.148027358978319e-05,3.017122874393837e-05
23426,8.036964868078209e-05,2.1852112303914683e-05
84324,2.9806137871087043e-05,4.6483196053533666e-05
266740,0.0006091121452233745,1.4662880840886724e-05
286016,0.00010020719554178259,5.041054706811775e-05
4915,7.250128392983537e-05,0.00015659894246411915
79740,8.872695467821743e-09,2.214171355184365e-05
5526,6.030322661415853e-05,1.7353071823006142e-05
5813,0.0012291995220740464,1.8915178460146808e-05
85477,0.00020859744086251778,0.0001219998396623863
5822,5.6215596089201094e-05,1.7257670420059028e-05
8863,0.0007638770865462356,1.6675812250789413e-05
387119,0.00030949529408874404,0.00017981946597630868
9791,1.3123805930497665e-05,4.608925415191428e-05
23779,6.678471867020332e-05,1.6236254795607673e-05
23762,7.91239752097888e-06,8.441090263958866e-05
2589,0.00018400424189305337,8.965756878815217e-05
7334,4.9363895563854784e-06,7.112937270390585e-05
151647,0.0007137967343101347,5.2071562865625856e-05
155435,1.4165198689828763e-05,4.596561731263605e-05
116540,4.1354902958853405e-06,2.153924183937972e-05
55973,0.0002930820472322277,2.7941653159928862e-05
3833,0.00015354488258964287,2.1504838026114634e-05
64426,2.200393535308489e-05,6.415844999045952e-05
1807,5.988788210126221e-05,1.9524538704730046e-05
5438,4.118741658967267e-06,1.4404416147546483e-05
1797,4.7623363512616724e-05,1.770381187557609e-05
11045,0.00013264470397124194,3.635864950208996e-05
56165,4.9414662895791195e-05,8.346907261418846e-05
1318,0.00013262766413112134,8.487002910760239e-05
7553,0.000163700766781247,2.965682907032486e-05
8073,0.0009239436128362854,1.432430288707501e-05
22990,0.0006343590544818945,8.660196291199151e-05
114783,6.441816115103057e-05,3.0832345345889756e-05
10368,0.00014920503900572513,1.6581809979698936e-05
10600,0.0002572705896463298,2.1574468880440287e-05
29894,3.252506807157245e-05,1.4282966107941463e-05
51760,0.0002232433451278031,0.00010223800563400159
80178,3.9629507856375703e-05,1.4621646793971585e-05
5681,8.128984278552115e-06,3.0187044481998333e-05
57496,3.587656114134129e-05,8.663657515535282e-05
27123,6.879027804911746e-05,3.54949681272689e-05
55915,6.662277951698029e-05,4.9132119342142366e-05
152189,0.00043398950413057905,4.329788738279629e-05
2639,0.0002309638078829218,2.468017725934073e-05
220869,1.1722400202354194e-05,3.989645284796308e-05
4072,0.00017117924531676276,3.972041648780765e-05
146664,6.596536362849404e-06,0.00010773604472744626
9770,2.655942065672065e-07,6.688115356816671e-05
23677,8.75803604144678e-05,4.6096247354468404e-05
7051,0.0008103061986428855,8.406156858521281e-05
57514,0.0009647506701639327,3.454797474184665e-05
969,6.033999602405771e-06,4.1405650460115906e-05
10435,0.0005742462682638205,0.0001419597369185497
10094,0.0004033438497659676,3.527263360825655e-05
51460,0.00030827439583245924,3.221010048987585e-05
125170,0.00016381967991568639,1.56422101047025e-05
11214,1.8388207973459124e-05,2.973018650735507e-05
10137,5.157268823199275e-06,4.897909559556989e-05
55164,0.0009426892095765969,1.5204388515322902e-05
4329,0.0001610613670330627,7.545838074482984e-05
1638,0.0033675114381680176,4.810635186309574e-05
57673,8.464920460227002e-05,1.9396701642340496e-05
51594,0.0018867627542077158,7.309003121405016e-05
92140,0.0003519189370167986,5.3840466263360827e-05
3235,0.04576976733549853,6.690201634802056e-05
51728,0.00031544286475985805,3.054881493987778e-05
51534,5.6180934753281946e-06,2.234933965114491e-05
1604,8.6371468284538e-06,3.406147812617403e-05
9388,0.00041837937716726587,0.00012162438612630371
4245,1.0562753297540419e-05,6.94541801924941e-05
219699,0.00032328118963229394,0.0002044402658885754
84996,0.0017029032646472392,7.559028610049776e-05
1677,0.001223360298312128,1.7659415155454934e-05
64064,0.0004052686246599257,1.9796058310495475e-05
9111,8.600068661448826e-06,4.1741050704508536e-05
57506,2.6662524904741127e-06,2.5798145046156085e-05
84451,0.0006955625103322753,5.259705267116244e-05
150372,3.16948819708519e-05,1.8344102372425393e-05
388389,1.1518796675285446e-07,1.4252362900476786e-05
3537,2.8960118867939296e-05,3.5927164618908874e-05
10484,0.00021869504090553477,7.559007867701152e-05
55669,5.988978349774407e-05,3.3103112262040936e-05
3441,5.582200629233396e-06,7.44280547223439e-05
8048,0.028944262477683252,5.797585780319006e-05
3768,0.0006876513859083471,1.4463981173455406e-05
147660,2.567037297198944e-05,2.045077711248409e-05
8526,0.00020893388261828747,2.30255674173149e-05
126070,6.828002348391123e-05,0.0002577018979659033
84814,0.0014947645998584543,3.874269818840218e-05
25939,7.308314066911975e-05,0.00011919470087468931
6515,4.454325867178277e-06,0.00019890138088546734
1579,0.00010132689169884828,1.9424228046007156e-05
8288,0.0007478964784817059,7.957868103665359e-05
491,0.00025258046417073096,4.0290293538393254e-05
6794,8.782847887976264e-06,4.5891133760972884e-05
6435,0.00023117766715747678,0.00011640763201065277
5155,0.00039486254615619373,4.774660227682529e-05
85406,0.00021080409084484977,5.397471289706697e-05
6278,6.097793389550396e-07,0.00013414610971534952
140735,0.0007409919127123787,8.282956756383063e-05
83874,0.004175615732537804,0.00033868631797441605
475,0.00017279407948476473,3.05084186930461e-05
4780,1.1856015152934474e-05,0.00025774359647334663
2700,1.4834951168418567e-05,5.93075407655851e-05
2043,6.646149084129205e-05,0.00023598568225351375
5518,8.21804927313649e-05,2.856258568909407e-05
10855,3.660971209541533e-05,2.179265438622073e-05
4113,0.00026623367070307326,8.705532952251725e-05
3778,0.00021669087286700484,9.612325256505886e-05
51428,0.0007629938510196712,4.793293691396357e-05
5520,0.0006542024163315055,4.28348544257474e-05
27173,1.1453613979023325e-05,0.0001841994134780655
415117,0.00023410026030832277,0.0002236165177335223
5885,8.628285792159073e-05,0.00011477887189210873
474,0.0007722146555458103,1.46117487540604e-05
124460,8.327302811288976e-06,2.2918396612034647e-05
837,0.00033917220941329475,0.0006701542670670261
7067,0.002546243450410045,4.038313230096872e-05
4296,0.0003314885081393462,2.048278289593997e-05
200933,0.0005698390508833084,6.655031292754375e-05
755,0.00011458141344803834,0.00014069946356464708
1198,2.7510171562631353e-05,1.7086051603317186e-05
3596,0.0008253494126389073,3.4894120649914763e-05
9256,0.00010868157379261478,1.9043334495896643e-05
1232,1.2278961014398129e-05,0.00040904696912258675
26130,0.0007748227099004596,0.00011564721235840351
54843,9.945962699076143e-05,2.583619234668836e-05
221468,0.0003301140124147068,1.9563107614750724e-05
3190,0.0002306088027442845,1.3836383757960083e-05
9729,0.001095159602404674,0.00011265065043605438
340543,7.160917113857926e-05,1.4466569954748951e-05
22984,0.00047211223266557226,0.00010807396805039778
25878,2.8794217667463154e-05,4.695927199730583e-05
202559,0.00015386103536638686,2.4550814404550285e-05
100131816,8.392746777170746e-05,1.455295483600974e-05
8170,0.00017674165242188074,2.2012560404068987e-05
22853,0.0011773255915927031,6.679671274987034e-05
2495,5.274944169137476e-05,4.699259713310195e-05
8345,0.0003701853022132541,1.754713131159031e-05
55846,0.0002088875762276912,1.6832310749213787e-05
6390,8.892845750550695e-05,2.8283641452097314e-05
2073,0.00034122628724888015,1.644477208503253e-05
65979,1.5029196231798902e-05,6.560245408028552e-05
196483,3.474639418695911e-05,0.00047085486132385446
8027,8.362493522287397e-05,2.9872141408369827e-05
6500,0.0002297075337287199,1.864512768487376e-05
9970,0.0009238390919255221,8.211609856183774e-05
55084,2.602063149270509e-05,2.8458323010928176e-05
26984,1.144686477437688e-05,3.647437927596117e-05
11152,0.0004623151103911127,2.6932557666859498e-05
124220,1.6028556979815056e-06,4.318618690501226e-05
8269,4.080025131131465e-05,4.4884644671178764e-05
8844,0.00012884752261105414,0.00010961174359498404
78987,1.595557151198182e-05,6.382680539908283e-05
10592,0.00040579507634222917,1.9327173460531332e-05
23380,7.511506269729508e-05,6.661597282113547e-05
151112,0.0013366222894351065,2.6666702818572917e-05
10267,0.0001892324901884815,3.798752775593894e-05
117,1.3986815853421698e-06,6.415758568415467e-05
8780,2.9953729645648167e-06,4.532886169240927e-05
941,5.00696831438375e-05,0.0003223868973354263
51272,0.008617243393828659,8.157758784309715e-05
695,0.0005577352878732649,0.00011214237131280496
2042,0.00030333128417165425,9.934088374626511e-05
9322,7.573564618986918e-08,2.906136265202414e-05
4696,0.00012917754829066218,0.0002188929630125331
10052,0.0004364950257743366,4.964139528387754e-05
287015,0.003736153590864569,1.5112186786921051e-05
4618,3.316367660669096e-05,0.00012195557128692806
140947,7.710984482390958e-05,3.814797249943196e-05
2177,7.384655064207703e-05,1.594602406490238e-05
63894,0.0010346088611276508,0.0001015618028394439
7584,1.2097612200048417e-05,0.000128037132540414
10935,7.659983021461466e-05,2.5220988635171022e-05
10606,1.7651731987375442e-06,4.348882300605423e-05
91289,8.54519246879198e-05,3.344804416138282e-05
1795,5.975837112276491e-08,0.00010006022239539962
1300,0.00048392499438839665,2.9663784266670043e-05
5142,1.53603657284046e-06,2.7902552895883514e-05
79987,0.003644375849980793,7.78610245758065e-05
4867,2.8666445929875885e-06,0.0001474142342819752
4205,0.00013801233562423884,4.5067493221552536e-05
55032,0.0008806737385236615,9.05945380610021e-05
26574,0.00047132921418562484,3.2889184008073796e-05
25909,6.602533254622137e-05,5.940335069148911e-05
9457,5.0395232671915854e-05,5.186858665181054e-05
2334,0.001356146462386755,2.3574673186826197e-05
375260,3.719105022139241e-06,4.22988804355444e-05
4900,0.0016101362055320656,3.4839381502678565e-05
51506,0.00010311508747846427,8.639907070226012e-05
8881,1.9440006426092362e-05,8.378536836648979e-05
832,6.141636430583753e-06,1.8143574086934463e-05
84331,1.6856369863159454e-05,2.1322929086244818e-05
90655,5.1533915097775314e-06,3.804676401535669e-05
2026,0.00018564403634216834,0.00015518629683507331
23769,1.217651940221839e-06,2.403561894413871e-05
8659,0.05149348618562697,2.0496101757597765e-05
8340,0.00041773760249381705,0.00010462863478715172
3645,7.361113753192153e-05,0.00014349270268321327
83605,7.986975158497887e-07,5.872862359369399e-05
51510,7.121101630174255e-06,3.9944329968731906e-05
54726,7.522269636338724e-06,1.6580149054491325e-05
5468,7.111614575309591e-05,2.535389478959794e-05
9658,0.0024984390238521545,0.00013792411454527462
147744,0.00045624419531510157,0.00011067394376381528
23746,2.387531170092028e-05,3.8003402531818494e-05
57719,0.0012962257247299792,2.9029862476535458e-05
81857,1.6410078508966082e-06,7.606832426253484e-05
80184,0.00017938595614464122,4.032216552640294e-05
9313,5.941911283791009e-07,0.0021255309863878824
51367,0.0006171083260270446,2.27714417669543e-05
55075,0.0003993347263004876,4.203234835895608e-05
79682,0.00012887057505854967,5.321829080863297e-05
150864,0.04691012817715716,3.095686576017634e-05
5351,0.0002084651595637152,2.8735427623796665e-05
65975,0.07196057783999438,1.999683837026742e-05
3589,0.0007691412549662654,6.029686956556691e-05
1611,1.9289746614192594e-05,3.066067345601415e-05
112464,1.7087427275454514e-05,1.8450961957416353e-05
53405,7.192542727470405e-07,6.927664980098031e-05
23014,0.0005631176058622596,2.2612751375965505e-05
6461,1.4733913121469793e-05,0.00038070314162968815
137868,0.00033797628326096935,2.9915783661915024e-05
1937,0.0005901313705694955,2.476113703082001e-05
54538,0.00035869226948455455,8.204000281981733e-05
7738,0.0007026160868751633,6.466985701869664e-05
7494,0.00033670250965352324,1.8970639458098424e-05
89797,7.477298264945768e-05,1.412617234524776e-05
285671,0.0007066028214917814,0.0004945690361581018
84960,0.0004075307660170709,1.494587861814778e-05
2335,0.0009935189719639985,6.239420870034317e-05
10,6.4772961875381984e-06,2.8971542364424677e-05
5917,0.00013234300428630942,0.00025096129713547574
3781,0.0428316533549011,5.1268343373381525e-05
5544,2.8654232216826413e-05,4.077835557768807e-05
570,1.1627573011913782e-05,6.392629566873964e-05
27314,6.962215908678322e-06,2.470913033022185e-05
10266,0.0007903641365894045,4.4358894683321926e-05
4976,0.0004322748987594715,0.00081140799020594
8504,0.00039614763874834037,7.394192773663586e-05
23345,1.2950790185609144e-07,5.41266592051856e-05
23130,6.545073950127961e-05,6.148726056275258e-05
53343,3.4506281761962576e-05,2.2512589655473097e-05
202459,0.00012642990754804957,3.2269740677935806e-05
29953,0.00041243160198699416,2.28068876045623e-05
1044,1.227891434309594e-05,0.00032866799270154417
10802,0.0003856128295424364,9.562789544445629e-05
8446,0.0007809658633839931,1.8101010202731612e-05
3643,8.961912878444746e-05,0.0002529910993603075
1363,0.002228470447588934,1.5683716972376948e-05
79269,5.3608057338491044e-05,0.00010237778483108151
5052,5.025797234598194e-06,1.7750729927609903e-05
57143,0.00043299429618214096,0.0001514391988923987
3482,0.0006623847622656763,0.00018246250748085393
6568,6.413479473707551e-05,4.1915079114726856e-05
57602,0.0005844952893875333,0.00039051487489954686
81788,4.263039469695019e-05,0.00012054927199238363
54478,0.000292906236184096,0.0003968356755698979
22938,0.00012918338515450863,6.421882286455449e-05
2805,1.1479317102967096e-05,6.0006429466168744e-05
292,0.0001292160151889436,2.4153749481033117e-05
9531,3.464429081981609e-05,3.454267448666503e-05
5874,0.0007074393258214991,3.969670661274393e-05
7130,3.327896336200042e-05,1.4574006623000438e-05
283869,1.005565018588717e-05,2.9372738376149007e-05
51205,0.0011919942361698836,6.991225290356044e-05
9993,1.3474691638742823e-05,3.358246793471279e-05
6295,0.00010570113388708893,2.1036853611540698e-05
23645,0.00027577759888314826,3.0000290766209345e-05
390598,4.6566316743739797e-07,2.2590048542616496e-05
16,0.0002127196793787113,3.759382247554154e-05
83933,9.403227045336995e-06,9.891179937635966e-05
199223,0.043814679522871665,0.0001143986130853594
3105,0.00040416137869214876,1.5217533115552487e-05
5783,0.00022447855831235987,0.00011579541427007733
29760,6.124481261087192e-07,0.0002588453582173905
8879,0.00032146103284239237,4.409576727378217e-05
4712,0.0003323039008682548,1.4904077739925566e-05
9533,0.0014589398933741982,1.4958928847838276e-05
5990,2.484119626770151e-05,4.476743049140767e-05
165904,7.738045876702435e-06,8.63262196595046e-05
115294,0.00016282664174324776,2.5474093158453493e-05
7347,2.669106117022339e-05,2.1667738072815336e-05
55698,5.47244303840184e-05,9.077843134188466e-05
80325,3.2699557350855694e-05,7.79457902008382e-05
91304,2.2938128484702813e-05,1.4031090311893389e-05
5119,0.00022156695035421245,8.131618839720812e-05
7326,7.15502781720321e-06,3.632283468916854e-05
5538,0.0025221209409000923,9.122323359826935e-05
2799,2.109649552075677e-06,7.72828072455149e-05
7356,0.00028416594321575167,1.5605912480168353e-05
7709,0.0002877116360347351,0.00020756003211131824
89953,0.00020741219367336277,2.5791846257258677e-05
25911,1.0709018342598464e-05,4.016299188803651e-05
5929,0.00025870053821153534,3.664213293542216e-05
203228,2.6159528299861348e-05,2.544878561235136e-05
9580,6.256847203977791e-05,4.086680985369903e-05
8396,1.645769210340767e-05,2.408325931177963e-05
3888,0.00023242927413553774,6.48365184979034e-05
8612,0.000298810917671746,4.3394822871903e-05
29896,3.949473494219626e-05,3.103815303958154e-05
22834,6.6923725252258e-05,7.01245543157589e-05
55746,1.8061641021452694e-05,1.8337872190940328e-05
29099,0.0003108922903709185,6.680838421216053e-05
9942,1.0376059325133453e-05,7.395572248227449e-05
10538,0.00047008833607305433,4.9091975333566665e-05
493829,0.00026491449376874637,0.00011785526653021897
5878,4.035010955918448e-05,2.1209122356486267e-05
84876,8.371361694645858e-05,2.453902697258131e-05
51277,2.1158016435397124e-05,5.5451419643271834e-05
835,2.793088789998657e-06,1.6645295696545006e-05
57827,6.057703628675815e-05,6.640316507199701e-05
7259,1.6366638845872455e-05,6.358957858283582e-05
8820,2.360404120905028e-05,0.00018143923540147152
374618,0.0002589038500073558,2.8761517374583264e-05
2958,0.00018637213071575416,2.401393268582171e-05
27141,0.0025897200402236445,0.0003000262828933998
3283,1.3654204801104189e-08,2.2975814780652953e-05
27067,0.0002459142057995106,0.00014624052054805131
23108,3.7136078917303985e-05,4.91739226118961e-05
10344,0.001465333389515602,3.2355056880160315e-05
9046,4.401531652852581e-08,4.718601821099323e-05
83714,3.345975436438498e-06,0.00013960899840428454
2309,0.00012236364839757105,1.4066731906305657e-05
276,0.0009153935548414443,3.300990318597466e-05
91734,0.00015214286156792447,2.0901775005519624e-05
174,1.5447206979234516e-05,8.77416241151668e-05
1462,3.267175862043257e-06,4.194265413277298e-05
8642,1.6366638845872455e-05,0.0001886573598398205
28916,2.3706393143519526e-05,1.586652433887803e-05
84680,0.00013876374227104273,8.209203234033721e-05
3002,0.0006369838836934237,2.4380918704389843e-05
134359,5.298265912222078e-07,5.226672911775548e-05
9391,0.017788467712780587,1.505986491070542e-05
196074,2.3597121569514354e-05,3.9350857280491246e-05
325,0.0001654998330899523,3.855096211364593e-05
3885,1.3816411495666522e-06,3.650844143187105e-05
166979,0.00030023559670531714,3.8860818029069434e-05
79744,5.8568784709633134e-06,4.1963763196784936e-05
7163,0.00014288527635348977,6.277725571622594e-05
377630,0.00011835064231492003,3.205596586245558e-05
3889,6.409361372173731e-05,3.43570219616021e-05
23633,0.00025258046417073096,1.8012964073036602e-05
23166,7.55551990075801e-05,6.768393248872761e-05
103910,1.1259576034281443e-05,1.8740734643831378e-05
81793,0.00011916015052955517,0.00010919917758388376
55353,0.0013028791440083624,1.3984885810731305e-05
57188,0.0002764486691557416,4.757236488660919e-05
79778,2.8695616878647995e-06,1.49538784854226e-05
7432,1.5661278142723095e-07,1.660424798090304e-05
9857,3.593628365475884e-05,2.094176571832461e-05
11228,1.045326224872184e-05,5.6586898399577445e-05
57695,0.0006591093108031382,1.4117955043269612e-05
7482,5.642554189143951e-05,8.66698774276207e-05
7289,3.5976499275481316e-06,3.0022888206880622e-05
23196,7.262455496620965e-05,0.00034263890692247227
26524,1.6364802297886527e-05,3.6321903005618556e-05
23225,0.0004787812220495098,7.401157206708117e-05
30815,0.00021306560386702658,1.4171260121992741e-05
54577,3.164581583606342e-05,4.921555351336907e-05
57180,0.0004753373216225991,3.121947651793557e-05
389692,0.000355285902468564,1.6025990254495953e-05
1051,3.164446824417645e-05,2.7703678140033886e-05
10577,0.00038817687006801276,2.3927218847303936e-05
2533,5.582200629233396e-06,2.0293773952074945e-05
338322,0.0010732871084016848,2.9142929079623172e-05
5432,4.526418649329204e-05,2.3577095919939927e-05
4586,3.1519067804001653e-06,1.4335010747632955e-05
91966,3.0390606485627533e-05,0.0001653785272149912
7201,0.001012970522923122,2.4870635211526507e-05
2260,6.78734472938011e-06,6.801123379903568e-05
9470,0.00046332825264410696,1.4736161791326763e-05
22843,3.6816080447711205e-07,0.00015744357989780892
55859,0.04375424593777492,5.348665486311555e-05
1571,0.0004169536732045462,2.782914595110512e-05
4909,9.65082131663351e-05,1.5218058613441068e-05
259282,2.520747743373686e-05,0.00018224430054453032
9136,7.594065141896432e-05,7.32828132150448e-05
27340,0.00014011115121243133,9.04201257661518e-05
124245,9.008855593960157e-05,3.215860698517233e-05
84457,3.993489958193159e-05,2.8246056221483984e-05
134510,3.0159307779295492e-05,5.277572363572189e-05
283,0.0003721520097828969,3.689239647873291e-05
8805,0.0004852703628539641,2.7702951164416916e-05
142689,7.826575603554516e-05,7.767982507141013e-05
79979,1.7672710837451004e-05,0.00020152145931530204
154796,4.513131190838611e-05,2.5143587615459234e-05
51267,0.0002636379619145925,5.2540333172393606e-05
9943,0.00013302851105642205,1.4485008798044415e-05
1583,0.0005137762362692154,3.184521040111716e-05
5165,1.5453419950825705e-06,4.0225748227995995e-05
7697,3.7093770773006894e-05,3.4203727925234274e-05
29071,0.00013713525375917443,2.3389425186519225e-05
8658,5.553382030378091e-06,2.849521052009911e-05
2931,2.130818456914626e-06,2.429535444631729e-05
55031,0.0006758492227140128,1.7483263501408707e-05
3744,5.0716147699162e-05,1.8521395407215367e-05
11009,8.317204634224526e-05,5.309740980736869e-05
8834,0.0006311231455479009,4.369102946843069e-05
4074,0.000775992517478472,5.147418356797926e-05
56257,0.0013487850423856678,6.338779109548489e-05
5551,0.00037797869492025557,5.297488056238525e-05
94134,6.400869883333696e-05,3.511514159666696e-05
6646,1.104811901523014e-06,0.00010384073661628161
57035,0.0007024190085261682,0.00033316363257269077
10486,3.5464528217720416e-05,0.00014089962269565854
2157,4.082010053766422e-05,2.8329842666502182e-05
9767,0.0005093109310010811,1.6030449944713514e-05
79026,0.0005061009813786142,2.454983126631619e-05
10957,0.0006226615800410413,9.599322151340469e-05
6940,0.00014174966821730878,2.178810046718076e-05
838,5.258498904610503e-05,6.257805713718273e-05
6396,6.768456602457928e-05,1.8028919522539648e-05
83460,3.4877336531354068e-06,0.0004673038504924439
10040,0.00010114326359212169,1.7168606196180996e-05
55142,0.0005469709905389222,0.00010098839891216009
54758,4.44608638892862e-05,1.4576023864949255e-05
4547,0.0007892949948487972,3.049066252554882e-05
10075,4.423990207203776e-06,3.107923339443013e-05
26748,5.573268943214138e-06,6.38525690095059e-05
78990,0.00012159945207419001,4.7931655057502814e-05
9513,1.0999495775263442e-06,3.053701451161084e-05
1804,3.0610934144945125e-06,9.368757300341936e-05
11102,0.0009113994442844203,0.00021629397431914367
1666,2.72662939442941e-06,0.00011649804863543183
149069,4.2925792732478266e-05,1.8816099321649108e-05
80150,0.00021409378238803885,1.7572889573729384e-05
1394,1.4925234331727822e-05,5.409393096133201e-05
4524,0.0029665445269743585,5.7494828263026675e-05
4147,0.00033301049473475583,3.4267678146771806e-05
8673,0.000356907538333142,4.029118556792795e-05
2039,2.335689429660463e-07,2.273722822643855e-05
2984,0.00011840778296856911,2.4300731660400758e-05
54790,3.142953113606883e-05,1.45853713093605e-05
8507,0.0003496556549627415,1.5367263375248413e-05
83860,0.05457417162702745,0.00017404501747498734
7075,3.4288698265130064e-05,3.053775488397679e-05
19,0.0005253932828784381,1.7965553053394132e-05
51393,0.0002724897493497459,2.468885050749744e-05
84536,3.9375935733900685e-05,3.228319197609874e-05
10023,7.257286481848285e-05,4.500119544954308e-05
11138,0.00018473676764465145,0.0003147986882655153
167555,5.7768586057839905e-05,1.2805756674194587e-05
3572,0.0015491698442108776,0.00015457503731459974
10738,0.00016357279534429627,1.517947838357541e-05
6166,2.7150002638084015e-05,3.13398625454452e-05
55651,0.00027018835463644226,1.4472591104705063e-05
117143,4.5348327525089244e-05,6.113564138304874e-05
2,0.0046120129713196675,0.00013412446874395154
124930,0.0003547871805792499,8.877190610069447e-05
5940,0.00010362764014220116,0.00013424062841789052
64759,0.00019148060540655402,3.729475797454673e-05
54937,2.6335800256014158e-06,3.159289618274819e-05
9911,9.533034279602825e-05,7.545641927061996e-05
337974,0.00036136810904246,4.8798766221672884e-05
55130,0.0009742946193145285,4.221106171194028e-05
8631,0.00010962066957391317,5.393974608459991e-05
567,0.00014869226622066568,2.7858808758017272e-05
2273,3.144533983697114e-05,7.300353715367189e-05
10640,0.006716963905188187,3.72208736220433e-05
54462,0.00017843399868365076,4.130718374768229e-05
1155,0.0005248766323970676,1.550507506575209e-05
632,0.0005066113009178778,1.5391707346089984e-05
10431,0.00011558237728916645,7.961954908733242e-05
9530,0.0019219480507834423,2.2513006630374028e-05
10938,0.00011493086712544122,1.688556470043408e-05
10644,6.448194164491354e-06,5.192356790602666e-05
27095,1.0052042569299273e-05,4.9387721941283495e-05
594855,0.00012368836375361395,0.00015647589197756193
2005,9.042079399569019e-05,6.071650980325818e-05
6582,2.79268158272915e-05,2.966950453797754e-05
6529,0.00039713635822813143,1.7192229584639417e-05
1031,0.0005274369324481033,1.402486564959147e-05
3426,0.007936945845317707,5.7212491296662316e-05
58499,0.0007076397588806813,6.708142207367907e-05
85294,2.4598319035143194e-05,0.000329884233044152
64852,1.2057391933013808e-06,2.4712959988134277e-05
51691,3.1617831569594304e-05,0.00010688410944142596
4862,0.0003593765752608242,5.3554560906589034e-05
84280,2.9312320047861605e-05,7.53640135146621e-05
197258,0.0002867986303916283,4.199892784183993e-05
387753,0.0010784483039473854,2.5625838848436794e-05
85415,2.1493850943516787e-05,3.8098206813667835e-05
6125,4.160502627021534e-05,7.744175955890702e-05
83540,0.003012674438277919,1.2715485630368006e-05
8208,1.5536748821702198e-05,2.6167723714362034e-05
27037,3.263588901070749e-05,2.5570067348327694e-05
50940,3.676195034119048e-05,9.152728524554303e-05
9100,0.00040868208356467905,0.0003439517234831364
6309,0.000524860272993771,2.379691679762789e-05
85444,1.0244142395272081e-05,4.968705909389609e-05
9739,2.048529315896648e-05,2.4526715224373693e-05
10641,0.00019365841740745637,3.3421779389520943e-05
1960,0.00017475134709893418,2.4941045799710376e-05
23331,0.0005863353794380527,2.2533547605935883e-05
27243,1.8167422026822682e-05,0.00021942071825139067
23612,4.6814431120308035e-05,2.981016602592513e-05
10848,3.6577393036837253e-05,0.0006441463693257068
727738,0.0038030814616298193,6.1304394775938e-05
84515,3.360484297780216e-05,0.00010855144534271396
83648,1.6169913293106012e-05,4.363512170729857e-05
64857,0.00034429502181628836,0.00012509893958448422
29070,0.0002809540553471521,8.566657635852994e-05
25843,0.07646904745563105,0.00017908241738108017
8031,0.0013828428836454318,2.0539942625290016e-05
253827,2.6279024297951106e-05,0.00010637986476664701
139324,0.0018589354333976816,1.7704911702367845e-05
7043,1.03619610274533e-06,1.3841146973151948e-05
9814,9.015195788889068e-05,2.1166587510736682e-05
29777,0.001956839101268392,2.6859001485429165e-05
2571,0.0003179666332519646,6.18759666357153e-05
55167,4.1939393303092886e-05,0.00020098977154880124
5702,2.4728258983397798e-05,0.0009456432534698643
55323,0.0002539773673687499,9.209684824157085e-05
23127,0.000754868725407212,2.5832785043840464e-05
221527,1.9974629770293534e-05,1.7651473992205072e-05
23408,1.20557226828417e-05,2.2772862277042213e-05
84951,1.6589943247216977e-05,0.00010019642460576744
55361,1.1194017974828238e-05,8.385388522627601e-05
27332,0.001356181509966996,6.122785202976822e-05
79577,0.00028538919761860035,0.00017582452689877455
324,3.5578931503727265e-05,0.0003085125338537949
3784,7.794101130123335e-05,0.00017534936970351795
7087,1.2920057078867598e-06,0.00011532770354541058
157753,4.4029776102060976e-05,4.8980439638300654e-05
22891,0.0004083604579018181,2.34838243554448e-05
10846,0.0001304854138036634,4.559496553445971e-05
79718,1.8439892389266909e-06,1.4730383326358146e-05
10342,1.978110598851438e-05,0.00022111118619228646
91614,0.00039021764959514405,1.4422836884686698e-05
3952,0.0009143817203741961,2.2314673369157397e-05
79172,2.5030794896965192e-05,1.6655483036459168e-05
6326,0.0009268632266722864,8.317530244908259e-05
23568,3.2783807632499724e-05,8.829964856411401e-05
182,1.2683363695223134e-05,1.4323851896292585e-05
161,0.00014074070421844613,3.176163940868421e-05
5664,0.0006191438947324886,1.4651606075560547e-05
148867,0.00030680126851571443,0.0004040134874305271
129303,8.505458346945715e-05,0.0002732281138959984
201456,2.3028598698776265e-06,2.594574703406034e-05
3938,7.024653817730351e-06,0.00021651549900469908
64783,2.9326759178095506e-06,0.00010387474168057022
4920,3.329226848204192e-05,0.00030837883784604915
23576,0.00015496780743520943,3.434231458900592e-05
466,4.181759569037993e-05,1.7178582069243686e-05
130617,7.570535270933869e-05,0.00033656998313639087
84690,0.0004198714955541119,2.695993807061722e-05
79780,0.001252515003522759,4.264459244110132e-05
6866,4.752273601194963e-05,0.00033436328325334483
134430,6.896322241494639e-05,0.00016729078272609008
8482,1.1079879962956748e-07,1.3591768367603222e-05
4929,8.305412576696417e-05,5.930808079469481e-05
4343,2.6335800256014158e-06,1.9940576108298917e-05
2017,4.5768307132981885e-06,4.3331405665447776e-05
10217,0.0006389699959751397,3.4162334303072627e-05
10919,0.0005005060724710013,1.9045669633016397e-05
84957,0.0002574973971655363,1.4550413025497629e-05
149428,0.0002038458852525839,5.910276545811514e-05
386682,6.394174440368774e-08,0.00015814770748572536
57132,8.172073977024231e-05,4.342212778756108e-05
286297,0.0007989814666110597,0.0001053262441923664
486,0.00013464155674783925,0.00010719450054267047
290,0.0007088710229875302,4.064949784242468e-05
282974,0.0004545510019879092,3.080285434396504e-05
51808,2.2504358785295595e-05,5.0783416227794505e-05
7100,3.745723471310496e-05,9.003501992688881e-05
54830,0.0001218807183797159,1.5975281587618517e-05
284677,0.0005092164518028919,1.819003876358498e-05
9630,0.0006507535986185627,4.865040443457972e-05
5720,3.7511392787474383e-06,2.4159916610146485e-05
55198,0.0005632760900822168,1.775733686511995e-05
11117,2.678467219040781e-06,0.0001495059919525945
7422,0.00010284813848176282,2.4794127069070916e-05
7349,4.906189492109474e-05,2.2067973063840005e-05
6943,0.0007207921373032252,0.00010379165372475559
84705,0.0006601845034660519,5.819142892083979e-05
65003,5.141565400204692e-06,0.0002449803939018238
5743,0.000291871874229256,2.8533991873429337e-05
128876,1.9620098349899688e-05,2.9801501400544898e-05
27107,0.00024968341815925196,0.00010433161290647935
10469,0.00034902713386652926,3.966399213445008e-05
23708,0.003914668089164717,2.064871810111855e-05
79794,0.0007210731594734864,2.248673670979335e-05
3030,1.710726393764308e-05,3.995722921958329e-05
115201,2.9383923938258505e-05,2.9838381221169403e-05
158809,0.00022932846632063952,2.5343298667183373e-05
116,3.717797802813816e-07,5.263487591165079e-05
6257,0.00045768298378612467,1.43083319299219e-05
7402,0.00044990299958795285,2.188246854170399e-05
127933,1.6211412802036492e-06,3.8408685114262355e-05
10085,0.0007143117845009553,1.8955911532025768e-05
2595,4.342723746308049e-05,8.814821557521829e-05
3976,2.1986280970058744e-06,1.628800629110446e-05
654346,9.179618919660727e-05,3.603878282595173e-05
7546,0.0008064702134256695,0.00010868168680024474
1825,0.0006916418873106825,4.3746039694734524e-05
57563,5.321856911311245e-06,1.3127474720426089e-05
10973,1.682575707424334e-08,5.472230135100343e-05
7490,5.718249643541232e-06,3.5030307153254154e-05
29066,0.00016955837617501406,6.386501056924749e-05
1001,4.578455652429915e-05,0.00029203332923963363
671,2.7163544918560294e-06,7.665213032642791e-05
5789,0.00034653720541024513,6.758658818305002e-05
54956,2.2425418029186573e-05,3.22002126420769e-05
83552,5.979144745471306e-05,3.9772477285538116e-05
51100,2.4492649959258617e-05,2.9090370309326037e-05
1351,0.0002423242141815017,3.463327600053694e-05
342184,2.5588373583726964e-06,0.00044090253485023893
5449,9.700128228574148e-07,7.715075595363117e-05
29842,0.0007438163426940465,2.647801417260148e-05
2339,6.491745866241343e-05,7.705589069934294e-05
79837,0.0003563773188544129,1.9550109391747672e-05
23321,2.583969680615165e-06,2.5671897166266505e-05
56655,0.002908253439971633,4.622279626821374e-05
51371,0.00026057579322388656,0.00010006949805593382
1993,0.0001692697444721664,4.147411478386559e-05
2733,3.263977145766267e-05,1.4581090852091556e-05
55081,1.8419105422333868e-06,3.916749215219802e-05
79039,2.4832201189522892e-05,2.934217541956908e-05
26058,0.00021619282585065339,3.183504905749538e-05
326625,1.0624587931997263e-05,7.69008717638113e-05
4043,9.883876512582835e-05,0.0005203900277049043
23643,7.90482555296255e-06,0.00015266133794023876
64943,5.036638690342595e-05,2.233799205277414e-05
9915,2.4525004367308117e-06,4.969333193042704e-05
2317,0.00014595662326193293,1.3849637878735108e-05
55004,1.2338329633944235e-05,4.7782633254994196e-05
8293,6.058015847446132e-06,4.708372152970523e-05
55632,0.0004321345440236413,3.836262149543488e-05
9050,4.339191156842136e-07,4.77070146467575e-05
64324,2.8917825436805432e-05,2.90763117018712e-05
2241,0.0005254027183547113,1.4914266006319378e-05
805,0.00044798512896454843,8.3665055448096e-05
10370,0.0021047546351043553,0.00017142094735430628
146691,0.0030111154176034557,4.038079592106234e-05
85439,0.0006403811859514033,6.145999170265238e-05
654483,0.0016908277392025657,1.5417580026941853e-05
5540,4.452228091007307e-05,3.552402145648487e-05
9520,0.00015739308781903373,2.7681515351492327e-05
7165,2.6367436009121504e-05,3.10419465652426e-05
27291,0.0015055099433627275,2.462270702591821e-05
30837,0.00032230314956474283,3.537119261615153e-05
128240,0.00010649774728004053,4.974522057791657e-05
55222,0.00018174768036428545,1.4088191748819742e-05
26128,5.922752772745454e-05,7.897848367641552e-05
1501,6.293151238626114e-05,2.2686906180765905e-05
9667,7.590444285404231e-05,2.675733432655382e-05
55625,5.1060368836508855e-06,2.679566409275403e-05
132228,0.00026580096544926357,7.285639184479317e-05
5193,3.1027387782681658e-06,0.00016122359621092576
81624,0.0007164588429712964,6.008082707551249e-05
55850,0.03943547843625672,4.136849298665637e-05
152503,0.00029360732855028467,1.5088813902011497e-05
10915,0.00026600813426679124,0.0007037030110491508
92483,3.252506807157245e-05,3.264126327905912e-05
100131997,1.2880915654141399e-05,0.0001071870931133821
54857,3.830232894865435e-05,2.624963117270736e-05
1386,0.00033324122733611333,5.5014725585492e-05
57597,1.836388996579819e-07,2.9873275867297166e-05
637,3.9274264917207085e-05,6.029063812843137e-05
527,1.0709018342598464e-05,1.4755485393968892e-05
4048,2.258730809174479e-06,7.084988202990437e-05
7092,0.00021509938712523783,2.6275930758926924e-05
2810,5.646096057071454e-06,4.050410516721934e-05
56005,1.2932441144020027e-08,1.493876780590652e-05
90410,2.1935347547870656e-05,4.06430340696159e-05
10934,6.628363914611559e-06,2.7965781653533004e-05
80032,0.0005088964956535357,1.475260023694196e-05
3714,0.00040028125893407497,5.210173000759362e-05
27232,0.008344437376632215,1.8093366628343117e-05
25987,3.896647983465083e-05,3.374331214128236e-05
3356,5.620275542955265e-05,6.233606016304294e-05
3772,0.0011853404671666203,3.674117416880112e-05
54716,2.365239127415679e-05,9.014436389222075e-05
6815,0.00014172125533452548,7.192992110027709e-05
3642,2.312152255949657e-06,0.00016867918698011542
260434,0.0001451824861752181,2.5778174668199798e-05
79856,1.6547509078048152e-05,6.168598500516785e-05
23595,1.326640258853186e-05,0.00018172909341667337
64184,1.5586132477432517e-05,6.332001672846613e-05
1346,8.539559989620814e-05,7.529928098353303e-05
9241,0.0003899577423096796,5.412989569025184e-05
27183,0.0002673309243947462,2.4423678509780648e-05
103,7.235680239096432e-05,4.3630791735441796e-05
51738,8.628871830341335e-08,3.890522417434942e-05
2171,2.7477688844798153e-06,7.851124728374732e-05
7249,0.0023963661285532484,1.4879481979985939e-05
1260,8.729238873964406e-06,0.00010812876020234815
1397,1.7725575040112753e-05,1.6636582645862175e-05
4063,0.000432098330815355,0.00018168124502415084
1444,0.0028756665193375624,0.00023847448644565326
6755,6.2204551019738e-05,5.609778420431322e-05
54947,0.000965764224761595,4.581905991093907e-05
112401,0.0006832719043070813,0.00012733481347084559
10444,0.08413917479299686,0.0003059707919063969
3195,4.035095742535025e-05,1.941283781211016e-05
57684,0.000595168452141319,1.6267595418221453e-05
60490,8.450375532816064e-05,2.3786511062727133e-05
767558,0.01081231004477997,3.076452483914088e-05
23152,5.74577983662755e-07,1.505986491070542e-05
10930,5.5796836570834395e-05,1.4902223248422855e-05
6631,1.0899559369089397e-05,7.379948218658114e-05
846,9.893919902150079e-05,1.4579350075294136e-05
130540,7.383433813282828e-05,3.216193900191131e-05
123887,0.0015750287276738652,1.80456450292094e-05
2620,0.0004068566290930053,5.144847617514322e-05
5396,0.00018071116413469795,0.00010805412001038728
5406,4.3029439180559755e-05,6.518423191524061e-05
729533,0.025002944072290822,0.0001438555443377204
56943,0.0008248716956532556,1.4445584267628709e-05
155054,1.8171375727184123e-05,2.4645718097001782e-05
9127,0.0006185180296143894,7.108023425998927e-05
154865,5.5121984517295265e-06,3.56416457469515e-05
152926,0.002104012298595138,2.6883532329540796e-05
4249,2.3529801612617506e-06,2.411240185795859e-05
1826,2.901065837629399e-05,3.187972920157261e-05
54913,6.169599949789925e-05,3.777736320223074e-05
54778,1.8804624834560884e-05,1.4113866145284235e-05
55840,3.8561380495218685e-05,1.5825499811502202e-05
998,0.0013456275651726889,2.0416628230502317e-05
170825,1.5802254784670665e-05,9.091537224538968e-05
905,0.00010339834803168245,6.445260013617537e-05
5297,0.00027418173303830516,3.648986700996298e-05
92689,0.0064630083334499405,2.834344542872815e-05
7770,0.0480583204480729,1.9726091196230798e-05
138429,6.615203324958429e-07,1.7520759104525e-05
56848,8.515912783386994e-05,1.4418731611896167e-05
10815,0.0010446492534216445,1.9251468791699496e-05
147011,2.6721770168955548e-05,0.00010484384742571402
83758,2.6298931683447752e-06,0.00010481547948324336
5470,0.0005703148244621812,6.165067077707078e-05
3953,0.00027171101273704,6.714316482730808e-05
84458,0.0006307516704247471,6.079205624872716e-05
54903,9.01880509726081e-05,0.0004757144799427283
10232,4.593051645644815e-06,7.068466745409864e-05
6580,5.087515068351972e-06,1.702597808306953e-05
6721,3.869278677254297e-06,7.340725680126493e-05
286204,5.002921391490591e-05,2.0702329971194956e-05
283373,0.00020901013366961108,0.00015733118834850978
1390,0.0008034122704852604,2.969760167107954e-05
60488,0.0007217329469710001,4.016663741565859e-05
100272147,0.0006357239600455837,0.00010854362355027453
5346,5.115930918481188e-05,3.3380619993383675e-05
55211,5.639065739745557e-06,4.3785351633358277e-05
55683,0.0005087850005680906,3.894038759094882e-05
6331,0.0006484052372338035,4.756728458266747e-05
5655,0.0002538935818182075,1.2964501572275937e-05
2014,6.221619174865675e-07,2.11645761301186e-05
51527,0.023981407192428566,0.00011097495007009403
10362,0.0007189180579113316,0.00015180414788637316
9806,3.0350124590614954e-05,1.4744821888776578e-05
27178,1.0377594031164676e-07,8.907416028552337e-05
8174,0.007262231554742183,1.54085551339827e-05
23580,0.000524083376331359,0.00021488865328512418
56946,0.0002662086850822401,0.000106618364745621
56001,1.9668033997725598e-07,1.9706447772460482e-05
56902,4.7601992955812693e-05,2.11030417647508e-05
2117,6.628363914611559e-06,1.7832573848024832e-05
83445,2.921783868512806e-06,6.97717650205043e-05
5936,0.00038790264915050134,1.971660476751092e-05
5530,0.0020100811141640588,4.607615298575782e-05
56146,0.0005200571440121789,3.2005271278190195e-05
4538,0.00030524663087811056,8.276346170184855e-05
138162,3.969018363750234e-05,0.00029964125062175866
8900,2.0695052234473346e-05,6.4550104358118e-05
5876,3.7563642960484685e-05,2.792860115804494e-05
7716,2.242543714205547e-06,6.237802195451467e-05
5973,6.474556897150584e-06,1.9512481352084255e-05
79890,2.126457383387651e-05,2.5164240261127205e-05
653499,0.0003689883391690323,4.09908543925947e-05
163702,1.8346997149162327e-05,3.665333416563862e-05
1585,0.00047491838992970393,6.120114598169513e-05
64207,1.2286415893630067e-06,7.170737349570246e-05
26284,0.025187592176185273,1.6216171341620215e-05
56992,7.768650156504472e-05,4.051638655616233e-05
64101,2.6276725236269934e-05,3.064314138951131e-05
6629,7.897384629462277e-06,1.5063982406724843e-05
84696,0.00012380772030055144,1.470905897579383e-05
2744,7.799302659999374e-06,4.4641414763816156e-05
5306,0.00010402459223358176,0.00014293475393747554
1852,1.2397596048811441e-05,0.00011120883157899385
23518,0.0001184599420526669,6.819543102432719e-05
129049,0.0009984802631044785,5.392734546811365e-05
23158,7.018182203670269e-06,3.142841473584699e-05
122481,0.0026396995878209886,4.8260909989904964e-05
85376,4.065615671804674e-06,5.099626918905221e-05
10020,0.0002537058107553849,5.841173154391532e-05
84125,2.2968978309185914e-05,1.7837941428735958e-05
53637,0.00018862449181266918,2.1119224991189696e-05
9354,8.294380145628276e-06,0.00011360186298952346
5244,0.0007980478068788751,0.00010077112363596066
57536,8.991486941715949e-05,6.289793251427884e-05
9362,5.212276239107249e-05,2.823840232145579e-05
51295,0.002609313920407095,0.00015760683403820416
2697,2.405128914761719e-05,4.626739529723038e-05
2034,1.664097834327029e-06,0.00011610834401277066
158405,0.0005230680673750845,1.6645128410950012e-05
29121,0.10509786141375202,3.328245724309112e-05
11190,0.00022780459046922017,5.144847617514322e-05
64708,0.0004223471568265339,6.814016157044558e-05
84224,2.6497694276566526e-05,0.00018618234210105792
6948,3.4775290446309745e-08,1.6660677587343154e-05
11055,0.00014565673326887493,1.9815467567054667e-05
60625,1.3587067129131075e-06,6.747179297143079e-05
52,9.171365773626937e-05,2.743657181744073e-05
9091,0.0002487489005328176,2.1156045872469105e-05
66005,0.0001384117330893806,2.265859747136386e-05
6748,0.00020953277447281516,2.685676589519529e-05
5744,1.928921339621043e-05,4.9963605501907575e-05
4698,1.507807236234902e-05,6.768546854315172e-05
165100,8.580927905506878e-05,1.4932289887200889e-05
26145,8.2201704829923e-05,3.0450670441562112e-05
79897,1.2178596722268069e-06,1.48442770556393e-05
5731,2.782038337095381e-07,0.00031416464259571836
8499,0.00011506791621143363,1.8168094574568083e-05
396,0.0003166426122198207,5.706864501559296e-05
23149,0.0006400696314237823,2.697509961954341e-05
146849,0.0005056056604962689,3.8788905504188045e-05
10497,0.0016848994513463701,1.5269528050271216e-05
51513,9.792609731188343e-05,2.293154424374092e-05
1475,0.001705450701234432,0.0016808460407728176
4975,0.00013315133363988072,2.0144338029231832e-05
27159,0.00026199301126748946,0.00010148190695367834
6641,0.0017905096800585356,6.367823788454965e-05
9124,1.0752045514509812e-05,3.878257324758467e-05
124739,4.977969543859537e-08,0.0001740257772555102
84061,1.984767063441112e-05,3.1880669441132546e-05
55328,0.039651128673616746,2.829728170039567e-05
5708,0.0025961215827425,1.54085551339827e-05
3338,8.189747344902486e-06,0.00010825561642153281
4018,0.0011715293406606513,1.5092448715172041e-05
134701,0.04183570268503757,8.0961332666318e-05
10277,1.5227312015503919e-06,1.7841937997505085e-05
5764,1.3035361036302784e-05,6.518010091430545e-05
150472,5.292855468800935e-05,9.147820585459966e-05
84641,0.0004718885760534609,4.272965561028214e-05
7325,1.9860448461128926e-05,0.00013889445134706292
56647,0.0007480906979861331,0.000586180419691637
55326,6.845689936817192e-05,5.1534658421929986e-05
5707,8.177847752747269e-06,1.5138785905294188e-05
57130,2.0740198510165294e-05,0.0001557209058064572
5724,5.617678974342502e-06,3.883109767188226e-05
196549,5.017240220500744e-06,1.559955450537252e-05
25828,1.7436506599594343e-05,2.4740765420155734e-05
79722,0.00019985234759225775,8.387376621017868e-05
54107,0.00034481035547969595,1.4247527600728837e-05
489,3.26155853232519e-06,7.55806033952917e-05
56907,2.916788105239066e-07,5.4477638956396263e-05
8819,9.964245070712678e-05,1.5138785905294188e-05
84264,3.710107284987735e-05,2.2995200256371238e-05
225,7.141249992519094e-05,1.9769606596633797e-05
6352,7.267298231587175e-05,1.563766143473709e-05
1660,7.895817841206483e-06,3.6543202932480924e-05
94005,1.8014941764495856e-05,1.4067378284126777e-05
55120,0.0005068157720103812,7.473337849753224e-05
29992,5.002921391490591e-05,4.279235363256268e-05
327,8.572380937877771e-06,0.00012423033125106997
5763,0.00020915782910584704,0.0003795597152804557
26262,2.788866840399634e-05,2.5763150662439614e-05
64434,1.571184690423938e-05,2.0289095857403414e-05
6009,0.0004292923448121568,2.1703389423436127e-05
653877,5.597348054828825e-06,8.354153255767636e-05
50848,0.0004360600588354936,0.00018298441630654045
9367,0.0002565674726566,3.1678827908324264e-05
57226,8.395932953614265e-05,3.229828884852123e-05
51207,0.00056545662569004,7.561713871349711e-05
23558,1.6344576686202804e-05,0.0002863915283888382
150165,2.816389031003686e-08,0.00026891205182120906
84296,4.902310992722776e-05,3.215398932901796e-05
338599,0.000754866849703439,0.0004053331803234877
5654,5.5590023548905286e-05,0.0002642314741792764
5867,0.0002788480505225749,1.5374131893697043e-05
682,0.00021608995426512085,2.9364368888167827e-05
6498,2.8321676797670057e-05,1.398728834951611e-05
9375,0.006297193820539679,8.356921236273812e-05
158787,1.4986823903302169e-05,3.303970168330414e-05
23647,0.00025444096956739386,9.080460149859255e-05
8312,0.00019055331213768562,3.400997330137483e-05
2619,2.1688856433023793e-05,1.4452755094791201e-05
7477,2.9074065789396347e-05,1.953527822210028e-05
285216,0.0016565373734065466,3.317331611684021e-05
9584,3.7513481834192664e-06,0.00010398278871394559
5371,8.857040982995181e-05,5.837603954967926e-05
162333,0.0001750452858181593,9.365900673329779e-05
83755,0.0003444708830220365,2.3089330837029388e-05
51593,2.6335800256014158e-06,1.5220222079842205e-05
3344,5.206542309592299e-06,1.913495047756438e-05
51172,5.002577490401486e-05,2.128621749496299e-05
29931,0.0018595739765776506,1.6261108533648474e-05
1045,0.0001531449196629555,8.480568802992463e-05
439935,0.0006311329830332653,3.5284527786209224e-05
51517,0.0006991109998138412,7.631996340140528e-05
51127,0.0010530421682725933,8.225738209517342e-05
83667,0.0026165340886662625,1.470905897579383e-05
80210,1.507807236234902e-05,8.333817895826639e-05
84329,0.0005095390704220003,2.976501132943071e-05
518,0.00010184593092700447,1.7053555021693404e-05
4882,3.835884477652581e-05,2.5308127796825533e-05
57862,0.0007109016287611405,3.399417496361576e-05
51171,0.00025258046417073096,2.8130573245239664e-05
8448,4.9744606121728e-06,2.8207204069844535e-05
246100,0.0003654018895377438,3.1715743378152834e-05
11020,3.4045067870999006e-05,3.0131837219310718e-05
57466,1.3986198137005519e-05,7.960429892266533e-05
3612,0.0010050028870242243,2.111619976831251e-05
9248,0.041121812587602516,2.401776912495153e-05
54812,0.00014121368316750228,2.3384250206510714e-05
332,7.44222741240674e-05,0.00012324215528725018
25984,0.0002400456193709355,1.8133199672356873e-05
6450,0.00019159588472686571,7.585786646605169e-05
57621,1.2526714875295568e-05,2.0361639463685746e-05
54675,0.00010719399758762129,2.34105206135202e-05
388228,0.000822825126116969,4.8076019582242103e-05
29998,4.3852528202020865e-05,1.5568064937661386e-05
192683,3.646341367171489e-07,3.361640900203116e-05
8348,5.0539524633753465e-05,5.202123838340431e-05
441208,2.6654135322810526e-05,2.31137321607317e-05
11188,6.841410117837618e-05,2.0649652979986713e-05
5805,0.001236344528652285,0.00024883350040000204
113655,1.1690345239796788e-05,2.5976463571180784e-05
9723,5.701300743658604e-06,3.2810525073615575e-05
84752,0.00012044661026629556,6.980966939903495e-05
902,0.00038280991768534396,2.5368351657476757e-05
79891,5.591593321828616e-06,1.628800629110446e-05
662,2.151939672976553e-05,1.86404071145149e-05
94015,0.00011675042513823457,0.0002438868635838558
55793,0.0008038315430549767,0.0001105223050364655
23078,0.00031323818060291286,2.8864024797739505e-05
26824,5.582200629233396e-06,0.00015175564323303362
57732,2.4712469975489132e-05,1.8181881994630384e-05
1417,0.00012554332206354647,8.3341240728619e-05
3281,8.105443112936833e-05,0.00021603325400342994
92170,0.0001003233693664977,1.5138785905294188e-05
55714,5.434608951346354e-05,0.00015041876607879793
7421,1.738175557860992e-06,2.529949543494769e-05
9847,0.00012870349042957423,4.460495392383205e-05
85359,0.002470385966707326,7.735236025142511e-05
51224,0.0007901506526249326,1.455295483600974e-05
81551,4.611480833546926e-05,1.4498517954086773e-05
57655,0.00013779517687129088,6.872407019333922e-05
23266,9.194853402283933e-06,8.318497681415933e-05
55684,4.65260362232901e-06,1.4534345953338767e-05
7178,0.000231618455391155,0.00011113046373938362
923,0.0011893872442931466,2.6592449811581315e-05
4157,1.0738967666734607e-05,0.00020563174993428932
26355,0.00031394064561677843,0.00011393796514180337
8550,7.43685388716434e-05,2.088469018720317e-05
9861,6.592598561346934e-05,2.5087047540350927e-05
79961,0.00031434950327173403,4.5118117692882476e-05
1855,3.192148388563974e-05,7.27681038847486e-05
23592,3.422789134184487e-05,2.349631248392057e-05
29925,0.00014697512843226518,0.0001306152225781675
26512,4.299483116683582e-05,1.7460972903096348e-05
27079,6.122447415554571e-07,1.9425017427307916e-05
221442,0.0403694126703912,3.934156274942725e-05
2290,0.00018701802482031662,2.6209763562443545e-05
1876,5.3308827564013545e-05,3.887003215122113e-05
84448,0.0008031262126886251,2.024390490086163e-05
3615,0.00010414853745306368,1.475208960340001e-05
23350,0.0002077316178703035,3.808339372883842e-05
55293,9.657240769344541e-06,5.020589405762343e-05
23276,0.0005350322258661786,2.308184923758149e-05
9585,1.9069291700146116e-06,1.4425205891754233e-05
2618,7.726962134744987e-06,3.925106860693522e-05
6865,1.245206273101186e-05,0.00013134437724936235
4038,1.4078152305908985e-05,4.609731238801923e-05
27040,0.00029293093398013016,1.9043334495896643e-05
55966,5.44514813405864e-06,6.411195023337926e-05
123169,5.2431240929758095e-06,1.496700844110927e-05
5610,5.899128105460307e-06,4.354842057490509e-05
9342,3.1770617976661163e-06,1.750847281999583e-05
6691,4.044785539669093e-05,3.747180580193398e-05
286499,3.931809411285611e-05,0.00010325432183167941
51780,3.78674626306983e-11,3.268263386723395e-05
388077,1.3520194517762586e-05,8.691406281945019e-05
114792,0.06583698923487641,0.00011826820929251694
85451,0.000727501491776776,5.085709622744937e-05
1101,0.00024427007122222407,3.3834908631642815e-05
169166,3.0480046689362577e-05,1.5988033450597954e-05
55422,3.967472871076344e-05,2.5997068184025197e-05
58508,4.751390799591598e-05,1.771995681986152e-05
6513,0.00017657663520768394,0.00017316381157987006
84179,0.0003921506498435857,1.4653928451526139e-05
1129,1.51056568886254e-05,1.9727603079501593e-05
50617,6.735479368791756e-06,2.0484349901362044e-05
80209,5.883430774533303e-05,3.3327159964038714e-05
57471,0.0010021109309156634,0.00012318883789747424
10602,2.6347055454701422e-05,8.080395419362996e-05
10767,8.178036682792733e-05,3.718538945452989e-05
9701,2.15068832498963e-05,2.527733932792152e-05
51692,0.0001863279609708954,2.566065495186858e-05
6615,0.0011433193598918401,1.663144271430031e-05
85407,0.00029119539399145763,0.00016205824228899046
23064,2.398540823850228e-05,2.9807125764033283e-05
27440,0.00027784756177888726,3.11170367527332e-05
51094,3.3551531852244747e-06,4.8454488430635456e-05
124512,0.0005229559158505169,3.1389006900707985e-05
6886,0.0007881568651753192,3.1915372646548414e-05
374666,4.529354572437621e-05,5.2316990216113375e-05
5216,4.809768194278279e-05,0.00010341070358692323
11178,2.2318528611539383e-06,1.6250568076989104e-05
1727,1.3112601280451511e-06,4.381257725028145e-05
4536,0.001278102242406536,2.2370743655128594e-05
28514,0.0001184599420526669,5.487993787600984e-05
2016,7.378048427803317e-06,4.1752810696734505e-05
10716,0.0005234433683483088,2.1732604764309735e-05
63027,3.4120137883402557e-05,2.2936860704229875e-05
51271,1.569369172000052e-05,1.4886047188665142e-05
64098,5.039847406287976e-05,1.5570455899048827e-05
80218,0.0007310126660810585,2.3549899921139006e-05
8623,0.0033317833879994937,2.0936135984237438e-05
1964,0.0010576545282294035,6.95150574654933e-05
2946,0.0002287482281002623,2.5705299793447204e-05
11248,6.361057728389309e-05,0.0002892101731083133
3083,7.917207372027802e-06,7.444565671710238e-05
22941,0.0007954644362593374,2.6857361652494953e-05
3447,0.001774186979409732,5.52471480859531e-05
80006,0.0006570045988252199,1.775359375501599e-05
112752,1.6248090886926343e-05,5.591471434172744e-05
57472,0.0020810668171418953,4.249515699122017e-05
6619,0.0005051931558282135,1.5422040897706292e-05
117194,3.8393810919875415e-05,1.4677202374360205e-05
115416,0.0006421031416335246,1.777354160603719e-05
6910,0.00017206252140456593,0.00011208332074590377
54989,8.355218627077185e-05,1.8203104061230087e-05
790,8.707290449315675e-05,5.4425236741307135e-05
29,3.7920602203343184e-05,1.8027377162390358e-05
91875,0.0009137073046093358,4.606850043810452e-05
4345,1.1259480742667643e-05,2.728253999108484e-05
11314,0.0003094154645762452,1.4253320592154478e-05
6168,1.4186791433530515e-05,1.9461233848822924e-05
79594,5.350477009325099e-05,1.5424687835330095e-05
952,0.0013344666660142863,7.330083538322415e-05
285141,0.0001438051027389697,0.0002263163932517118
3033,1.1754988019649603e-05,1.4545945033689642e-05
284992,0.00041441953102586376,0.00010264595334965573
4284,0.0019632003339633687,6.358957858283582e-05
7918,8.13299424137473e-05,2.7358586068755295e-05
147664,0.042087515941541476,0.00015604614322418112
80067,0.0005169335547331308,0.00010148190695367834
9703,4.936220532158093e-05,1.8754770887048288e-05
9734,0.00047916158461225084,3.418509245247325e-05
57292,2.0425239102372093e-05,1.8242644654250926e-05
56990,2.7028917575795926e-05,1.4862317368745482e-05
26086,3.415727675368272e-08,2.5785563564536246e-05
54734,0.039960669842280694,0.0002449800858592398
8672,0.0010618306457503427,0.00010536951360474127
6359,0.00010035002015560756,4.055761761327689e-05
100506658,1.8346997149162327e-05,0.00011204478110437014
65986,0.0006998225653132313,3.315309751591842e-05
79295,1.4087611920119728e-06,7.806134365347598e-05
6900,0.0011317006083972903,6.730802492829092e-05
9817,9.424078329075363e-05,2.1898797729488663e-05
162972,0.0007842206350689839,2.4406316633104305e-05
785,0.0002942247903764994,1.9304060511547277e-05
8608,0.0002641263775826643,0.0001425960198737705
140767,0.018063509246195993,4.1602047994018975e-05
4713,7.169272268839906e-05,2.6509446893800157e-05
84706,0.001110875062952866,0.00026691371300717747
8567,4.242656265346793e-06,5.1630562635308174e-05
92070,1.507807236234902e-05,5.658557308709155e-05
142891,4.1403870524641987e-07,2.3828371913216833e-05
83844,1.6866402750890517e-05,0.00010257515029381526
8576,2.2197237572526472e-05,2.4056452068929255e-05
28977,4.533092926816759e-06,0.0002337407886354147
386618,2.1895354431766796e-05,2.7351750129772164e-05
7298,0.0005880488908141831,5.911704801100373e-05
57540,0.002760581511599362,0.00017280023474636612
9110,0.00151045566154888,0.00018680636959659018
9184,4.495790077285374e-05,1.737007489745338e-05
26043,8.823181828791061e-06,4.8827783749802707e-05
55907,1.7984417805415945e-05,0.0001892487054918895
55703,0.00033701075688235394,0.00016278790771931455
7203,0.0007137536259335512,0.0001570667636678101
9232,4.1179097962275736e-05,2.689037343651367e-05
284656,0.0007695371941955729,8.85244256496977e-05
79155,5.8778588575162294e-05,4.4794244609140755e-05
55916,0.00010981543435405464,1.4352322817265743e-05
307,1.810954044268223e-05,1.9356561938109145e-05
5328,0.003255717430270319,0.0002029730762062515
90007,1.9199641474369076e-05,0.0002015376824152532
2318,3.426120067999657e-06,6.0185968811538576e-05
392255,2.7812550691588014e-05,1.4932289887200889e-05
3419,1.2595771258001378e-05,1.5184227580563561e-05
8711,0.0003776008152079981,1.4844261246154662e-05
70,8.484579508331637e-05,7.148016480402401e-05
5013,0.004114240157107203,3.936764351934441e-05
54739,0.0038589521486753946,0.00012001230298681512
55704,0.002384260019747926,0.00012178603262968422
49856,0.00042108348644514344,0.00022689502654754575
6844,2.193113771308891e-06,0.000177655297402181
26608,0.0001765821959845502,4.761597785585787e-05
85403,0.0006744060943827203,9.355797634608104e-05
55024,1.8346997149162327e-05,2.1358720854071084e-05
6890,2.690205884287195e-06,1.5138785905294188e-05
65078,1.8237983348192108e-05,0.00027539280161243703
7449,3.888347336214104e-06,1.4641811586208927e-05
51052,3.173294372344298e-05,0.0001205590395156104
51747,0.00028078268828015204,1.4288034555572538e-05
9441,0.002228441665775545,9.299498751371706e-05
27033,0.00012642990754804957,0.0004924468090445256
55765,1.0877980599642344e-05,0.00012832186302628873
57085,2.0377224526378936e-05,5.058182149677213e-05
493911,8.300929297480126e-06,0.0001196183591031706
10558,0.0001282536156839437,1.409595718782333e-05
51079,2.5855677810381086e-06,6.527117781629476e-05
91653,6.828002348391123e-05,5.315531116228146e-05
5984,3.7559805899236724e-06,3.0378941055950233e-05
3579,0.00012564590203513625,4.809060597790181e-05
211,4.032724151768743e-05,5.4707776232174264e-05
10480,1.1807526523029522e-05,3.9120060312389934e-05
9727,1.4179335312294148e-06,2.1573201828172073e-05
11183,0.00011936635526576496,3.7552089805734696e-05
1997,2.4776328502343957e-05,1.8934908646422998e-05
51596,0.06577173714306457,0.00017270016778999747
8712,2.0371230933892986e-05,1.4672404591547842e-05
8648,0.0004480047745514588,6.048237778956375e-05
56928,5.776289008543962e-06,2.4405394571685906e-05
2565,4.802571465827041e-06,5.03342794070148e-05
359710,0.0006650853846117471,4.329158113963495e-05
23410,1.9117743485197886e-05,1.6679477092718228e-05
5781,1.0624587931997263e-05,0.000375972373683018
6624,3.041585723935933e-07,0.0003460235399244339
54212,6.441203833791889e-06,0.0001151615741090987
84529,8.175496210075072e-05,2.082309076431503e-05
91949,8.902867167236071e-06,7.990528856365447e-05
6301,5.982672138047722e-05,8.090154768791655e-05
80726,5.258702198414683e-05,1.4932289887200889e-05
5083,2.5472106073329164e-07,2.106425933577227e-05
10749,0.00012623957055148095,1.447018331882094e-05
54665,4.065615671804674e-06,1.4637439490506478e-05
10288,0.0006030125167142724,1.690414449845429e-05
11147,0.0005304506035282371,6.039595957417142e-05
4794,0.0003533436548208303,2.4907628751433924e-05
8320,0.0010272790341341943,9.565046845781317e-05
6817,0.0002785877702793165,1.4031090311893389e-05
83985,0.00017939890083355108,1.898790250174896e-05
9751,0.0011457287296465393,0.0001022487003851265
64080,4.393401831323653e-06,5.424099311053077e-05
463,6.78734472938011e-06,2.8586846765916127e-05
6507,3.3792569222944695e-06,1.547202228837224e-05
4149,0.00012318360272383367,2.3867220960065068e-05
23043,0.000739071177412706,9.819928145328101e-05
5962,0.00013197246254876028,1.996640112045121e-05
23233,0.00012343402114956093,3.4039302098246765e-05
5178,0.0011311171130084473,4.121498564977773e-05
54840,0.0009968474831677742,4.563472652553698e-05
387597,0.007996995500680299,0.0002814858885352152
56171,0.0028134165581907263,3.8255699251429585e-05
3161,0.04561368454261579,3.960448212492042e-05
10251,3.4800475251092385e-05,1.5167705839423597e-05
5355,4.174004544767909e-05,1.4478843896126537e-05
25996,0.00026491449376874637,0.00019892426117110976
1434,0.0004071486358441048,1.9234599736777282e-05
59341,0.0005665900255157425,1.4755485393968892e-05
6586,0.0010514984840371833,4.982748983911813e-05
3101,0.002986545915022507,2.341775854261414e-05
10523,0.0013301645485991448,3.681868749718661e-05
79719,7.150879289551135e-05,6.018779142420624e-05
27151,1.415870489748886e-05,1.4676260409054885e-05
27170,1.024052361187234e-05,5.725460320858524e-05
4604,0.0501596730518869,1.4588783500456659e-05
633,0.003047852836809189,1.6120638319748202e-05
23554,2.3209906970563517e-05,1.5097203140486133e-05
81572,7.847351931481925e-05,1.7257670420059028e-05
51330,0.00025449536630895244,8.212517256930711e-05
6898,0.00029207142594432194,6.919925513015024e-05
6138,0.00010068483811637394,5.534019267868761e-05
252884,0.0004039313133273637,0.0002612168269657614
78986,1.005565018588717e-05,2.703905253767506e-05
100134230,0.00014021751780216377,0.00012269263195587235
55179,0.00011708685749665743,0.0001957804878986923
1234,0.00011215101517471415,1.511494306554941e-05
133619,0.00015185073105732094,2.178810046718076e-05
51435,7.751812447944805e-07,1.5279685245027286e-05
58528,0.00012628832738795015,5.082012521846196e-05
29091,7.640097062814149e-06,6.782706500442383e-05
494470,1.4203032527043399e-05,9.066034277792456e-05
159162,0.00024004719939406342,7.985093550187885e-05
23401,0.00010536289770948646,0.0001735476695227251
55107,4.642266263934122e-05,5.771868572089049e-05
58513,8.552968703477525e-05,0.0003510031021961484
89866,6.474556897150584e-06,9.738470423906129e-05
375133,0.005478497940554098,0.00017754425618194433
488,0.0009525362552170341,5.4756044045390194e-05
91833,0.0004727405010143518,1.9189434494453236e-05
771,6.235373042374357e-05,1.3984885810731305e-05
6383,1.51056568886254e-05,2.0579365953107116e-05
6543,0.0007914898016993161,0.00010147213828205054
4281,0.00011424129402973424,6.119013842752479e-05
10006,0.000184526564725777,0.00010251457018310897
23446,0.00033481497747919785,0.00013963744171626455
729428,7.575482396344021e-05,7.267779082041005e-05
51071,2.8759124756282497e-06,5.676374358830692e-05
50,0.0011788048677917819,1.5091996295370736e-05
1436,0.05983077922063128,0.00017823618946541148
57596,8.90608664882198e-06,0.00020511618321705641
23176,0.001014008721306177,7.364150402682103e-05
7706,2.183880078244423e-05,3.857402631160954e-05
2146,1.4307594968888657e-05,0.000115247406995249
3930,1.3356227623358986e-05,9.469273581446653e-05
1029,9.05077933444515e-06,6.217994148800789e-05
114294,0.00042805638529842246,0.00017018292876335274
6170,0.00018429091202378593,1.5401321736356073e-05
22797,4.2952093752084626e-05,4.147343519213577e-05
54542,0.0012321572605253892,3.350386288710213e-05
1360,0.0005092560087040489,2.949106377234018e-05
1132,0.00040684184262024736,0.0007318164485954771
81488,0.00022418471001549558,1.9168132035813276e-05
1211,3.4911968110914106e-06,1.5637973521678096e-05
23215,0.00011161177239032225,6.316047155927211e-05
64432,1.7672554843384587e-07,0.00041920199971934085
6881,0.000355241039824133,1.447022082046853e-05
54536,0.00023572210525829397,1.6768881802875794e-05
65983,0.001972789872450325,0.00011825377145360517
83896,3.938808018551794e-05,3.7285593046775526e-05
1938,6.644459192975832e-05,3.229606265187922e-05
10155,2.5475967468972386e-05,2.685676589519529e-05
1121,6.6607695981963235e-06,0.00011467312098945247
84332,7.582289793442914e-05,8.960438717008368e-05
29950,0.0001186213181988009,2.9320608512567806e-05
23523,0.0014116539522700787,1.5422040897706292e-05
1280,0.00015406252307791177,0.00012347175227967562
3295,0.002813416558190726,2.5016142894706527e-05
84335,0.001236637493447848,0.0001109275011282961
79716,1.4712164782947333e-05,2.685676589519529e-05
3821,1.0836745955346471e-05,1.7202887028178816e-05
6750,0.00013036707212395738,1.512187308042226e-05
84285,6.8031537676272246e-06,0.00011638343625260856
54800,0.0003365061352010641,0.00029541472712397196
54583,3.4450378658614788e-06,5.490271213035452e-05
1193,0.002731274197317683,0.0002475071383526514
5819,0.0479755042491675,3.986298739345627e-05
857,0.0003342835550909976,3.938515500593221e-05
57718,4.7075205388352775e-05,6.129511517690788e-05
221830,1.3542146387909519e-05,2.631685832271735e-05
5334,0.001983802190725915,9.954680307196075e-05
84993,0.001004661378182275,4.123496808385508e-05
758,1.8346997149162327e-05,4.0828621524854636e-05
54682,0.0001258352751574401,0.00016109235712320692
94032,9.348921090752121e-07,1.6697534313699235e-05
253260,7.513547457314468e-05,0.00012601315681324147
751867,3.258454822997287e-05,5.7955690139751035e-05
26471,9.963149798864829e-05,1.4592170459503355e-05
79230,0.00010124605506680601,4.7566751402262106e-05
7920,1.2663765798144452e-05,0.0002027696995080581
1266,0.00012091225209169914,4.293423165702775e-05
159989,0.00012515718187812558,1.7772690488293535e-05
4103,0.00010280035596017352,1.3838820773481594e-05
11054,6.151097042556708e-05,2.1099203950401427e-05
644150,2.0205415731497574e-06,1.7705635821064175e-05
4216,1.2419800873052914e-05,1.4902691248135728e-05
6122,7.996319680918477e-06,4.359400691129573e-05
5408,8.559912885352323e-06,4.958203259299107e-05
960,1.0709018342598464e-05,2.1010298373791763e-05
29116,7.3561723205599366e-06,5.083112397034418e-05
3543,5.582200629233396e-06,2.740576570478047e-05
23464,0.0003921373738875628,0.00040423540166005626
9771,0.00041724936536202375,6.154584502108907e-05
7041,0.0003420750557869057,2.2094931060291506e-05
84196,0.002611439972233977,6.627218701735388e-05
9465,7.3595416481421e-05,1.5311178971951127e-05
3880,0.02196789925485511,6.290596178098073e-05
6228,0.00030314168013800607,2.9404232497929687e-05
4778,2.6706693706506075e-08,0.0004697391300803645
6693,1.6114230581279373e-05,5.876149253094124e-05
78998,0.0009298353092377782,8.693560617674613e-05
57534,7.054220599604106e-05,2.5105183093833468e-05
22873,2.1739095294939054e-05,1.457265868038178e-05
3394,0.001974910287611487,0.00016115683380314673
8667,0.0005793302899763585,5.5966370125715205e-05
10290,0.00018306742420906783,1.8888444320267854e-05
8539,5.1453295814881485e-05,1.4932289887200889e-05
168374,0.000621251841221964,4.4140459964598786e-05
10590,1.1181189325690052e-05,2.8297535346876757e-05
1392,2.3080990519993426e-06,0.00010763731689689729
164127,2.7498664161549034e-09,1.445437309854457e-05
1429,0.000231303593853957,1.4055867085622927e-05
56850,0.00011784070272928497,1.7146969348702453e-05
28957,0.00020834589793300199,3.3028307361804366e-05
4110,3.982364328608593e-05,0.00014317060945140422
5407,0.004365389571423659,1.9886691074125198e-05
84461,5.909092778150162e-05,2.4182282284892764e-05
93474,0.0016735510789950738,4.401854555448141e-05
116337,1.611349244449962e-05,1.4329873953294685e-05
285855,0.0007469766315634274,4.219128219730445e-05
8778,9.861597193290253e-05,1.9052835597508294e-05
10524,0.00016297525766190873,1.4387848015882221e-05
10250,0.003035009148224832,1.79949428364298e-05
3852,0.0005809841928367349,1.502810646049444e-05
221613,0.005802334358342673,1.505986491070542e-05
84978,8.474117179536167e-06,3.593461066146829e-05
8522,0.00019409723237198822,1.9043334495896643e-05
2237,0.00047981776343257725,2.7684741525959242e-05
8534,1.1969655248645309e-05,2.41235917265791e-05
3422,0.00013556796751286687,2.126803909026576e-05
26985,6.7879398225347765e-06,0.0003016462491858703
1006,6.589101558567532e-07,8.530793901088529e-05
83641,0.0008285814527540004,0.0011763755419326042
94241,0.0001208329603975911,0.00010423704073310543
9019,4.889543317959704e-06,5.212300891471577e-05
22914,8.592924178423898e-05,2.3432465792805878e-05
83596,6.436297875653527e-05,0.00010246685778124239
6525,0.0002105468986497049,3.651663386458282e-05
4540,0.0032459600253002723,2.874347323037697e-05
23325,4.3956860866844693e-08,0.00020555533325573584
54344,6.381064688848241e-05,2.0794677638832662e-05
7125,0.00021862082903566872,3.956713373941899e-05
55108,0.00013375518204595643,1.763996880537056e-05
25975,0.0002605890334715246,7.268601596141039e-05
11226,6.012993016907495e-06,6.282256491258252e-05
401288,7.04178771334041e-05,3.2327023525448195e-05
3358,0.0006650307860919886,3.003881990205894e-05
10136,6.01611974491761e-06,1.8953047634927137e-05
344148,0.00026486790815210615,5.423205678785667e-05
85366,0.0011714813064233555,4.2868259584983415e-05
1845,6.563530210600063e-05,3.780413077366722e-05
6605,0.00017904585738236114,6.081145680683822e-05
26119,0.0005087155111470734,0.00023971756572678713
9641,0.00011020312314104444,4.4838586382547085e-05
7287,0.04194349825776529,9.136927157197473e-05
3049,1.507807236234902e-05,1.4478181170209e-05
57707,1.8286913775734543e-05,0.00010575764000839151
5339,7.054841032432163e-07,1.4335010747632955e-05
6836,0.0001624664839830649,3.1916774068718795e-05
25825,9.216080801583425e-05,0.0002606960939467895
5501,0.00038045807801469764,6.658738536458206e-05
6066,2.3322545627168116e-05,0.0011112584360780055
51604,7.125029392704812e-05,4.0596026768012214e-05
9737,5.76814711962066e-05,6.013092237090287e-05
84661,0.00021377896322238767,0.00011465128151094537
254065,2.9881093744459468e-05,1.78638714631784e-05
9547,8.986674255638165e-05,3.294121672843383e-05
3081,0.001521273151370685,2.5441151049434146e-05
201266,0.0002357368071112459,2.900552884085924e-05
64478,0.0011066269700287727,0.00011472334628088669
114822,0.0001893651456895624,2.6855949768459585e-05
2520,1.0466304544759858e-05,4.338509333810232e-05
10730,0.001117392827877064,4.647957698036212e-05
387082,1.6856369863159454e-05,2.085059066568868e-05
3661,0.0003386806155294742,5.099281142852428e-05
7486,8.500495417700455e-05,1.554011264005557e-05
406921,9.178299147064289e-05,0.00010510449747359428
10540,2.0526560232447438e-05,3.5671448263182166e-05
64771,0.00019588071360967255,1.4196438955463963e-05
27300,0.0006311057865797937,2.3061857739475022e-05
4831,4.9693429373689415e-06,2.460016578107472e-05
513,0.0001195752510788412,0.00011715877469040599
2801,9.861597193290253e-05,5.5377259525588806e-05
5319,2.792546736933256e-05,4.854357343740757e-05
9627,0.0003818268239958231,7.611714510397306e-05
9545,6.428321315133279e-05,2.588304368557219e-05
161003,1.737681873417503e-05,6.30460627473776e-05
11213,0.0002850006090187268,0.00012733148846843086
132204,0.000197892891018016,1.4789015616300892e-05
6276,2.0243136425641575e-05,2.390849486532327e-05
80342,3.7874459862767324e-07,0.0001139491958983256
60468,3.11092484353082e-05,4.0576468061436234e-05
2559,0.00033765807694110205,8.131517452126379e-05
9371,0.0011665263814355522,1.5374131893697043e-05
55848,2.0171750683892676e-09,2.3253792753099828e-05
6504,0.0952859664510078,2.153958438152764e-05
51386,0.0006744042743905116,8.70685404773657e-05
135152,0.0006512768758659837,4.910247395850632e-05
27085,2.655589423699965e-05,5.846346367545843e-05
5352,0.005523626479496332,4.844485608252182e-05
55122,0.00016386152302047278,2.346778183974496e-05
197131,9.03339720343568e-05,0.00013858050798750093
5972,6.448777403279881e-05,3.7623243681588426e-05
339965,1.3497587464287927e-05,2.9443089236729513e-05
4303,5.0319301026168616e-05,2.8460652005237414e-05
7389,8.493682875976215e-05,0.00011493794032271017
60673,0.00010403559296317256,0.00027651891314261535
23475,0.0003429904521601381,9.710025894893055e-05
3284,0.04720059630749078,0.00027783763884704803
3674,0.001483271993540888,2.4013075882393734e-05
84033,7.326113479151701e-05,5.5976716296176406e-05
6749,3.369063888221656e-05,0.0001874775719056751
55005,0.00010122490387934646,1.4643075632396649e-05
725,0.00039235292863308455,2.244127209754907e-05
10942,0.0003139005857764253,2.8276769194438522e-05
5978,0.0004728927605158372,5.15774643799314e-05
9125,0.0002507292966961679,4.764610627652487e-05
124790,0.0002779202881649172,9.136064577073908e-05
6120,5.301002106432702e-06,1.5064468709663928e-05
2982,0.007183130291353519,3.542469496315671e-05
51124,5.461996326470191e-07,8.189399061881133e-05
1896,0.00041356069623444514,1.878482197330673e-05
81890,0.0007230960404615244,0.00021671550914036176
4336,0.0031151164241291773,1.824915028011521e-05
26205,6.391816958347886e-05,1.4644965788370305e-05
55536,0.039819129070988606,2.9019424635300587e-05
11056,5.763302234364629e-05,5.50951794830444e-05
26297,1.3437956015561036e-05,3.0071592358788377e-05
10002,0.0004547487018216416,1.867483409173732e-05
1773,2.1996528572809336e-05,3.426233063931481e-05
2523,1.444508773703183e-07,9.927233384900003e-05
2059,4.1403870524641987e-07,0.0002018149322351274
375449,3.0015334324956686e-05,5.275182429562889e-05
23481,4.418307830376107e-05,2.157740168499709e-05
27338,5.451491927857118e-06,9.024122291481388e-05
6376,0.00013929329193562492,2.4715255768057923e-05
415,0.0007637790537379754,5.71828312335402e-05
5311,5.425525776818791e-07,0.0007589778127649937
26056,5.573268943214138e-06,5.736382980959837e-05
55074,0.00029860606684047546,9.391855012790851e-05
114327,0.00028933475954103145,2.4673929820446884e-05
65061,0.0012683821595398795,2.9582173891896155e-05
91612,3.47463132069631e-05,4.375866889301293e-05
10765,6.78990292845466e-05,4.892130626373445e-05
9997,3.5500890765692485e-05,2.8599950932157723e-05
84223,0.0005448294831087886,0.0002542151133770044
27071,0.00013281470904857764,2.4329170594420477e-05
57731,5.198714264705398e-07,0.00010219265581557557
1396,0.0007173354825359328,5.3092672263108665e-05
2979,1.5879376812914108e-05,2.2382181117317846e-05
5924,5.039868379325337e-05,8.010955997937171e-05
638,2.203731282886566e-05,3.9692051782593376e-05
64137,0.0001970240524533893,2.3782159272058653e-05
23451,0.00037861759360889423,5.849129831394348e-05
9113,3.0243203148494346e-05,1.5738794003666815e-05
10528,0.0005265449313710798,2.2053691887051904e-05
347,0.00013549288856786447,0.000961239320722181
6602,3.966516684166566e-07,4.8812829173292764e-05
9411,1.2344500920874767e-05,6.733358953693731e-05
6470,0.0004404322799231817,0.00022032024519056114
3266,6.372665224064702e-05,0.0001305647802371156
51699,0.0005050221113827761,0.0002337958025252043
27065,4.320506586779905e-07,3.363643455824191e-05
27128,9.861597193290253e-05,1.4335107117158177e-05
80108,9.847336520159689e-06,6.137266419408743e-05
441241,1.3942894199853262e-05,4.275061642372087e-05
5356,6.766586131487669e-06,8.074224772802842e-05
3480,0.0001553232302972584,2.0271128579644137e-05
2901,4.074449991254957e-05,5.3749123099039856e-05
22795,0.0005026415155168925,2.9054035659244885e-05
22915,2.6847275992477e-05,1.948835805146048e-05
5289,0.0002995714470175079,5.0436309677210215e-05
9278,2.5747825556730463e-06,9.176848447806715e-05
3012,3.2533506258423714e-05,5.7554951125836495e-05
7049,6.560663424007065e-06,5.288871196761561e-05
55884,7.170516437056376e-06,3.72208736220433e-05
23354,2.3686964649406303e-05,4.43042835762977e-05
5966,0.034157587239810695,9.281478020540774e-05
10440,6.336461201117556e-06,0.00012847022137957753
2246,9.972143119065335e-05,1.7974844578854245e-05
3324,0.0007155986666380633,2.862354174275893e-05
79016,1.1303594411134336e-05,0.00019788115497503897
5624,2.3340545685438284e-06,0.00010778939478349253
51690,8.648800440478337e-05,2.5250824174024265e-05
115123,4.860447728204439e-05,1.9726420851432426e-05
548313,0.0003419527326545351,3.428553881897333e-05
5073,5.8298157002781405e-05,1.827945886248512e-05
203,0.019749971279109695,2.3719025436991768e-05
50616,0.00024262105039881315,7.894578236684958e-05
30014,0.00010734222959918294,2.3108642089272884e-05
387032,0.0016775799669000483,3.577920795356034e-05
81559,0.0026508674907401164,6.628973225949473e-05
401251,4.637286868503623e-06,2.8753669746449852e-05
220134,4.628425248414528e-06,6.789854710568504e-05
26150,2.1323645232368734e-05,4.2632777514139194e-05
30820,0.00015424831375361638,1.568519165044082e-05
54891,0.045659515630442155,1.4403118926929439e-05
8732,0.0013906831059736558,2.0146411953907076e-05
10844,2.4619527570768307e-05,4.814635410579981e-05
9477,7.08037661079452e-05,2.368113891806839e-05
3516,0.008701144764560105,1.5802385656880175e-05
3508,0.00036189112985594407,1.4335010747632955e-05
64744,6.382303712951852e-05,1.5281998047424617e-05
90993,0.0005794348684870094,1.4117668315018781e-05
4728,4.351565041621984e-05,1.5439877176089542e-05
84073,1.4239673222436943e-05,7.854771439604358e-05
51247,9.215755201660582e-06,8.49390206727404e-05
8867,7.451400488968108e-06,5.4583533497286084e-05
84779,0.0005548333297468663,3.505448732977307e-05
54861,0.0002963469428464152,6.501606189876659e-05
79817,0.005357256981407931,1.939277091279929e-05
51402,5.8716022173990534e-05,1.4914898960180987e-05
4600,1.2036039423464042e-05,1.803457374287124e-05
5000,8.48375468547478e-06,0.00026562398929413775
23042,0.0005513758783445601,2.442171350547553e-05
51742,5.6619128038076284e-05,1.5119337139098064e-05
2671,1.2207005974386086e-05,0.00015368080281235629
142679,0.00027643752677297223,0.00010990528053799733
2916,0.002661636845745858,5.9331395979509583e-05
127255,0.0008435353191659382,0.0004303828753142415
9271,2.287950457858177e-08,1.5998131194986358e-05
7766,0.0018420250604580263,6.048669663523666e-05
51479,0.00011584989846452261,4.521154025001243e-05
26747,2.581791712251273e-05,7.589747234154304e-05
85459,0.0002498714119613621,7.094983840034846e-05
130074,1.5157065531176335e-06,0.0003033377019915449
55466,3.076263043944059e-06,2.489987797201719e-05
22880,2.177406099463619e-05,7.112129017345948e-05
55280,4.144513923381498e-05,0.00026556257211710516
22929,0.00028013368882112504,4.156085888406126e-05
9631,2.6511678684947448e-06,1.4977493984390525e-05
3565,1.3495642416886213e-05,1.4873007702160227e-05
11333,0.00035783096697934535,4.826159503706151e-05
23243,0.00027777588622196784,0.00021730976971148466
220885,0.000646764763862587,0.00011351516862664085
375057,0.0003046187207102873,3.657080079221644e-05
54345,0.00010370130931160338,1.4992061545109264e-05
6633,0.00017150140775853962,0.00015188190834353467
6894,0.00030742711401382733,2.3027336920040158e-05
80124,4.263781527353585e-05,2.303936561013607e-05
57584,5.35874498433886e-05,6.790986323309808e-05
6187,0.0003459886834591275,4.910507561004212e-05
84071,0.00022120998809989427,0.00011295206800581461
25896,3.852616732619321e-06,5.4018497126238954e-05
8079,0.039359860666950464,1.843896169792125e-05
50619,8.335077819521415e-05,0.00010895467901463703
23369,8.709523612517409e-05,5.251263630209722e-05
302,0.0006846524314382039,0.0005139017333151291
55671,0.0008148371736619507,3.469915031883755e-05
27044,1.0916879766365237e-06,1.8300608880576368e-05
8202,0.0021592251428361278,1.451788861416684e-05
79904,1.4642880501016429e-06,2.6195447036391814e-05
284802,2.798685099996524e-07,2.1627467230370148e-05
175,0.001514088158346901,2.1738428857073725e-05
4089,0.00014693750453486572,2.8331429208998492e-05
25949,0.0004837605138932585,0.00012199317022813445
10746,4.339191156842136e-07,0.00010713427660425253
337,0.0004077194319149887,2.2521605189754264e-05
9945,0.008726948851013275,0.00021801200310306608
55161,4.965407724031903e-06,3.5981408200091547e-05
23603,4.35097581776624e-05,1.4699641257903175e-05
1299,0.002610221853163337,3.318875703915283e-05
6888,0.00033509622978733023,2.3058086556002764e-05
10409,5.830579428284101e-06,1.479617228250494e-05
5476,0.00016298298764222318,2.068191357789808e-05
9423,0.00013842461629614555,2.6146783607686128e-05
55726,6.367667307963374e-05,5.2139869491453016e-05
831,0.0004191922495404405,3.097992561350608e-05
257218,0.00035303048489792097,5.0682153009827234e-05
10971,1.6169087979567557e-06,5.659484737489143e-05
4050,0.0009093324423318268,9.413817124785152e-05
7115,0.05491991983278772,1.591221282420923e-05
56853,3.788400822854307e-05,6.757391346535105e-05
116987,0.00046255817288370866,7.044362267353425e-05
6097,4.6081356171541005e-09,5.512960630699213e-05
57524,0.0004258947347311744,2.1430994919555216e-05
2806,6.9590543802721925e-06,1.702888018549296e-05
81620,0.00036354418644022403,2.106296242032234e-05
51678,0.0001600521799155225,5.605342089665983e-05
6965,4.723759381373125e-05,0.00012357762214398904
126969,0.00012151771647440278,1.6346874219833774e-05
132789,0.0005825617767086223,0.00018666794330568823
340075,0.00031671315292281676,3.480394797854999e-05
306,0.000346634136774452,3.2647678117729633e-05
2729,1.44865736640093e-05,2.0662541268481068e-05
79845,1.1922900310876085e-05,8.008751056359368e-05
4793,4.671922864312453e-05,1.7037410092093662e-05
1102,0.0007441336911109813,4.13885156391651e-05
55340,0.001231813883341214,1.534084671101592e-05
653808,0.00030015741470085813,0.0002553452225496435
2954,2.5015167543316796e-05,3.262544275187124e-05
10691,2.1107885456054876e-06,9.58598276738772e-05
5774,1.7152500343105785e-07,2.733454631222162e-05
5619,3.4189923173115355e-06,3.013349195401498e-05
3817,5.776291994773734e-06,1.8093366628343117e-05
3991,4.906528706166222e-05,3.903324294861289e-05
85461,2.760034148248491e-05,9.345180521930589e-05
23559,2.971455832014318e-06,1.4502580118312906e-05
9204,3.655776500908681e-06,0.00019312706037551356
375307,0.00012723247128180768,0.0002512128444588249
655,0.00022301438940811809,1.5076379298169514e-05
199920,5.002921391490591e-05,0.00011140994922225077
58517,0.00027449967975109275,1.4027793349685954e-05
608,0.0002323807966472805,4.515904310904458e-05
83983,0.000498571625360449,6.706786188782158e-05
23193,0.0005685506344460631,8.277547301443051e-05
922,7.857219644792164e-05,1.5818292077441507e-05
1400,0.00020492686631406342,7.271328966048232e-05
80305,9.896335967040855e-05,0.00031007434920494336
9491,7.826126952595979e-06,1.8366344085941638e-05
79098,0.002894692939730313,2.612905456598035e-05
8471,2.1050737052194103e-07,1.9936207838283707e-05
2050,0.00012418922637996726,0.00011172071251131104
6789,8.867472219786298e-05,3.134403127530689e-05
57610,0.0007069146902530191,3.017023597791703e-05
130827,0.00019988090793519563,3.87892942417944e-05
4629,0.0007841915963054927,8.290824471487437e-05
11193,4.645414568041601e-07,7.725668254544942e-05
84229,0.039331577229039884,4.679367995743033e-05
136647,0.00013842461629614555,0.00010498959156296016
10036,1.357920535719593e-05,4.72881532775433e-05
830,3.703856499349639e-05,1.4611220941872771e-05
22932,0.000744590908231693,1.8104980854702636e-05
10681,4.386887210617719e-06,7.130344583747724e-05
7873,1.6366638845872455e-05,4.14353305182814e-05
10369,1.6679381426950954e-06,2.4530362333181153e-05
64112,0.00025286828803330755,2.6006485552583103e-05
56925,0.00010423968073109408,3.396285559929656e-05
63926,0.00010336219702029589,1.7496010539664095e-05
23139,1.6234007614166016e-05,1.9761942375693027e-05
6205,0.0035445896649086927,0.0005453351468780101
10908,0.025562265374808678,1.4067378284126777e-05
81502,0.0006981551201358303,3.82060588171182e-05
131669,3.866734789296864e-05,2.4474781266646513e-05
3398,0.0004988978521489783,2.9553454136447723e-05
9512,0.002878595514493351,2.4445361839881063e-05
23294,0.002861385510928324,0.0001347193555369265
28512,0.00013183238369200533,1.470905897579383e-05
148223,8.623768078712727e-05,2.0870969429265963e-05
3028,3.879353992402002e-07,7.874614946092086e-05
2120,1.1170760581347384e-05,0.00013659485380280434
23271,0.00027809111831149824,2.0502755587395838e-05
22955,0.0006210360914117557,7.35105246520198e-05
51540,2.702989295803546e-05,3.736027850390392e-05
284440,0.00012266106378218384,1.4427348137633023e-05
10455,0.0001142199962478171,0.00011411166052742284
1602,0.03902359416343954,1.831997950161807e-05
7071,0.001113648837853736,4.121131930920354e-05
112574,7.275316797878749e-06,8.706331536548835e-05
163786,0.0006624272431288318,2.9239857842965312e-05
51438,0.0004856047963989138,6.780108165771467e-05
57687,8.558052336101512e-05,9.861034740993996e-05
9002,6.166389350151135e-05,0.00016742198077438245
79094,2.5922406683992618e-05,4.70676217043514e-05
26476,6.090985518031688e-05,0.00020055017757982888
55008,7.348820588676182e-06,2.3689314024180367e-05
7350,1.726109401551876e-06,2.8980965106191914e-05
129531,3.8412393798397114e-05,8.05549909074216e-05
10390,0.00030652017879228665,1.999162093017441e-05
4665,0.0004391158333533376,3.484921960770305e-05
57688,1.8171375727184123e-05,1.523440081073725e-05
5256,0.0005981568169314276,5.396364563818379e-05
55715,3.47888152944306e-05,4.012366868098949e-05
9810,9.465781722682478e-05,0.00011476994066794246
10869,4.4043700522701836e-05,1.9698868587635485e-05
53632,0.0005061769286225189,0.00013697409461697324
9495,8.38656733402151e-05,0.0006513071770463941
685,0.0002893248827205314,6.37270363530134e-05
2538,0.0007186879256847297,3.239628064024896e-05
64965,0.001338692428653522,0.0007614151005727048
9914,0.0001579708020755514,0.00010682690154152994
57716,9.569136554936109e-05,3.2096710603974574e-05
116225,0.0008781789964508195,3.026488150980251e-05
245711,1.9440997819073034e-05,5.786675542805385e-05
401,4.4308030652769544e-05,1.8614697086565322e-05
916,8.835830548491292e-05,2.0296532953672226e-05
169522,0.0008227924686630123,2.5959527651402067e-05
3550,0.00013252046572742859,3.975648210201726e-05
54732,4.644286061238657e-06,6.784011977897572e-05
5453,0.00044443178910102764,0.00017921581515664687
9403,9.293398997242561e-05,0.0001381789289700401
222546,0.07824119382526096,1.891204036775015e-05
23539,0.0001047911074149493,0.00024486720938477467
146433,0.0001610459031515657,5.194017526111531e-05
6702,0.0008101975079121255,4.901018982256295e-05
56886,0.0011131631453903707,3.808244246597131e-05
398,6.170997299641928e-05,2.1875240595683834e-05
9651,2.860554902087888e-06,7.300619980167889e-05
80774,4.066665219856509e-06,1.8376357627546326e-05
10010,4.290087745460795e-05,7.33570341323371e-05
7533,0.0001679516488093387,3.686889175924894e-05
221184,1.3158495483116411e-06,3.9785282460999055e-05
1889,0.0005153928505308042,8.114586186120039e-05
1398,3.906837712609104e-06,1.4744821888776578e-05
54148,0.00038982517835762316,9.040380788902876e-05
10168,0.0409683612953493,1.3641647054371833e-05
222894,1.7247910221006288e-06,2.4049101384707287e-05
56913,6.981577899671393e-06,1.819201899824743e-05
445372,9.67977847500807e-06,6.242571778168617e-05
84623,0.002268442976612912,2.695655816853673e-05
9325,0.00018031290978448298,0.0001031645853035867
79858,4.161329790365927e-05,0.0002987018402254088
4012,0.03892724800388834,0.00010274020181948656
6338,6.831123862245481e-05,6.045016711561999e-05
11017,0.00017554890798806818,6.85779266872496e-05
1500,5.2812464933509974e-05,2.99899345930332e-05
1440,0.0006838177616607405,1.4198869043811945e-05
23236,3.3915630387812242e-06,3.6069747572254544e-05
9793,0.03892948545051568,1.4186842370547823e-05
79068,0.00026111747040175363,0.00011973537856277107
54518,0.0003724156790532316,2.7977825585147426e-05
9844,2.4683113473741075e-05,5.798706070740175e-05
144501,2.43167860197422e-05,9.489206195777035e-05
54784,0.0018778954521465878,0.00044487948800387984
2530,0.0004436958466806566,4.284590265266514e-05
9982,3.093742915217612e-05,3.926203864628212e-05
23352,0.0018776294280503276,9.227723591731197e-05
56998,8.929783162107473e-05,0.00015156112253855982
56145,0.000532315486847003,5.6092101095475034e-05
2911,1.1158585924025913e-06,5.310628319564823e-05
55225,0.0008797308365400536,1.7461855475831004e-05
9546,0.0006833426682636137,2.365161769068514e-05
167465,0.002123935441921645,5.461045283253758e-05
2947,0.0009616556060890397,1.5067896247814721e-05
126272,0.000403217440781012,1.9541988235458314e-05
50944,2.7681761588313005e-05,9.546547700614893e-05
4783,0.00013570283860950052,0.00023193759610422873
27097,0.000536586556933055,0.00019778130273915605
55201,0.0036108143024100657,2.9808118071798286e-05
627,0.00038663723354908264,1.4562761426800328e-05
84640,3.571850115755181e-05,1.5760656616686782e-05
115584,0.00016680207424778917,0.00015281004140035642
89890,1.0274316774947334e-06,5.752831021667145e-05
2967,0.0004185853804135565,3.256176470669483e-05
10548,0.00011456723560613968,0.00017396161960411905
126961,0.0026697609210950056,2.2538452800604473e-05
359,3.881128057006028e-06,1.975502956266052e-05
56246,1.0114388713722765e-05,0.00012534168657453407
712,1.6657562987851172e-05,1.4895526101643579e-05
6130,5.597989032662375e-05,0.00017768035150461143
55159,8.663341676030909e-05,2.8156254037995893e-05
6046,8.12034481977176e-05,0.00011815295859375115
25920,0.0015729174213307006,1.7639373791600437e-05
10654,0.00012704069624968912,2.703653911140137e-05
165721,7.758568250397099e-05,1.4298644542428886e-05
11005,7.634571662319674e-05,1.3628560279618948e-05
80005,0.00037642772270566824,1.466887114710793e-05
50509,0.0005174949579394774,0.0001547971816294925
132158,0.00043566293897728396,7.784963460044845e-05
83862,0.00055697879051253,2.7872074856966207e-05
440738,0.00018299242627176708,0.00037764057551727413
8704,0.00010738789184676473,8.900546930047975e-05
8697,3.832503109376859e-06,0.00018325141406542282
9879,0.00031860242148767026,3.577758863347799e-05
10793,0.0007964098430976433,0.0001923029545540157
1761,5.2756621314909125e-06,0.00017722331112072145
440670,2.18078710122227e-06,0.00013276949297506144
3621,1.086389366018993e-05,2.2842718817755433e-05
8649,1.8320630653412903e-07,4.609622654986306e-05
366,3.4922822039779524e-05,5.5234576872643106e-05
8559,5.630541119976659e-05,2.743882094816679e-05
987,0.0002441434623548135,8.657577506132831e-05
770,2.618994995571419e-05,9.451399407874091e-05
30811,7.292776445548954e-05,1.4655264598133911e-05
3486,3.6013480785788283e-06,2.1036931448994066e-05
56242,0.0003052582498167538,1.537195283604436e-05
84811,0.0018164656422123898,3.0214213727714596e-05
8929,2.671234235813296e-06,3.089682172473902e-05
259215,2.1832572081162783e-05,0.00012851074076394487
10434,0.0003498794507634473,2.8176719409221044e-05
54467,0.00025258046417073096,3.066066690293893e-05
55706,4.0718032581085696e-05,5.431532217475646e-05
5034,0.00016722559832543852,1.8477936628069265e-05
55215,0.0007879466368142744,2.525645753763445e-05
79886,0.0011041563992785816,3.094143632483038e-05
9094,0.0012944967266281969,4.575671182652759e-05
3749,0.00025273786902850405,2.8164537541187662e-05
6919,0.0005229602411618516,3.9340880937934755e-05
3764,0.00011063644592548198,3.915292072539392e-05
54550,2.914110380042042e-06,8.475587977282981e-05
51043,0.000338834022604442,1.7284183208073477e-05
4356,0.00027157582358425914,4.029965240110001e-05
56915,3.849464154981215e-05,5.5970935314528425e-05
54923,0.0003611337302763642,5.688456467314809e-05
169841,0.0011207520841942295,1.455295483600974e-05
60343,0.00013416593074482054,3.401603439355823e-05
6387,0.0003421081599726569,5.0940912519140366e-05
51741,0.0002342750356999511,2.1126012917508335e-05
3973,0.0009510075939510976,1.859943856766814e-05
257364,0.0006046816251132644,1.5912401710040943e-05
9877,1.7634929313835562e-05,1.5303604436914222e-05
57369,8.870416118529175e-06,1.7085070154389757e-05
9749,0.024317953043653334,2.1138032178031022e-05
9730,5.5131144207877124e-08,1.889440336878427e-05
3305,0.0003375809631858414,8.17625566939674e-05
130951,0.00018091016762870343,2.145448133918264e-05
1311,0.0002469879163038085,1.7297078455501197e-05
6690,0.000778772494090603,1.4859211049221496e-05
27120,1.5003980743448191e-05,7.186837608477827e-05
11099,0.0013332899191518274,0.0001425546569341134
25936,0.019924043705642974,4.094628396055418e-05
3221,0.00046280256516542163,1.4502173306855237e-05
57820,0.0014615804985681747,9.44722402299199e-05
54431,4.425504749993638e-05,1.455295483600974e-05
5440,9.584392943868351e-05,2.1767960103824202e-05
30850,0.00014672512880339167,3.849270591772534e-05
4189,0.0012839572429986913,1.7840187657953493e-05
55339,6.773882113652483e-05,0.00014629517808914478
1629,6.2204551019738e-05,5.4659773947208736e-05
7225,0.00010068240457659987,3.387028307258873e-05
3495,0.00020663831241457623,5.588881838931068e-05
4150,0.0010621715511763997,7.9602348994509e-05
55070,0.0003178049190077552,7.364348142657402e-05
3902,0.0006720336493430411,1.5164127308701642e-05
65980,0.0007877779394155248,6.250166213032515e-05
81554,0.00023562225867194712,7.774527090344728e-05
6369,0.01700769930441514,8.364834158787964e-05
51512,0.00020906304366641974,2.243039290442072e-05
147945,0.03900884837933733,4.607523931302227e-05
7004,7.637768917104898e-05,3.138310181846738e-05
440193,0.00035126627697590535,2.422933998883298e-05
57609,0.00039492041231616303,0.00019346263428199646
5922,0.00022979631787981114,7.316801826036012e-05
8318,7.698108766748226e-06,6.840943418819431e-05
539,0.00018420130098938863,1.4897681030648523e-05
9055,0.0005135099324388511,1.4772967689793185e-05
105,0.0003581997387881882,0.00012123890944193146
7253,0.00024683760887177203,1.7666036920388543e-05
7539,7.226831377048532e-06,4.858151628340707e-05
23264,0.00016102134961204243,8.908326641693304e-05
29123,0.00035012435573409886,0.00011541214035468352
81790,2.643066701775968e-06,0.00018834431807678712
6640,0.00012072183714830295,1.8396293305952017e-05
115106,0.0003062775812562916,0.00012128200972724575
152137,5.3307705864726956e-05,0.0004204404420693597
858,0.0003521095226403262,8.532553874208385e-05
23126,0.00045119952304245765,0.00010896813606634721
2876,3.946408723387961e-06,2.076611150072123e-05
10194,0.0004024931097314479,4.211847155164239e-05
94121,0.0001625272200350494,3.847137084078964e-05
11067,0.0028134165581907263,0.00014683419369912207
1174,3.875024888450054e-06,8.754685661011453e-05
54504,2.6486841317117646e-06,1.4307757160118827e-05
6738,0.00021388340520359938,1.4843533267409214e-05
441150,9.176267036923656e-05,2.7138978209791662e-05
11250,0.00016558189818223753,4.0060109930889904e-05
29086,0.00018678311354340609,0.0002237224841252415
23503,4.6855473026406176e-05,0.00010658453934815272
6548,0.001204485963444799,7.032503994828809e-05
84259,3.12583217914403e-05,0.0001896733966796176
10717,0.004921785962295216,3.1014195109916726e-05
55596,0.00013688384593747347,0.0009086297189746981
2849,3.913970064940004e-07,1.8219482255109276e-05
3298,2.092820923454163e-05,4.1796235305959136e-05
4725,1.8018923314432803e-05,2.1193725243019975e-05
9697,4.214866594156809e-05,6.824108032634223e-05
81704,3.02014537211001e-05,9.393908285955376e-05
7018,0.00020922022722023645,3.713052078313474e-05
7399,0.00015944694717821877,2.109876847415352e-05
29763,8.30408346518597e-05,4.9632853295372195e-05
5901,1.7463506076297933e-07,3.0063393019086653e-05
5900,4.050186618571357e-06,1.895766915945035e-05
829,0.003390826667022642,0.00013777500472761178
23254,7.579305554292639e-05,2.0639031597354673e-05
9231,0.0006594918404634122,1.3774778000029918e-05
27113,8.966417465557897e-05,6.776433848925922e-05
8464,8.180773582822037e-05,5.6912479590339264e-05
286343,0.00026093536221310923,0.0001906518379220531
54475,0.001957440418905382,2.9469494332278987e-05
56899,0.0006237649814658713,9.202469347558902e-05
60370,1.0931097377841714e-05,2.5667655676809823e-05
9638,1.7210313846258746e-08,7.541253775026953e-05
2643,0.005003219924303263,4.128016494974837e-05
91754,1.0558130509670544e-06,2.9707507395708557e-05
51562,0.0002394148785614371,2.4721550452099838e-05
10485,9.225994772892389e-06,9.738470423906129e-05
408,0.0001575652502442161,9.738470423906129e-05
22895,3.0844295109131e-05,3.588408816222355e-05
7756,1.5972915186218322e-05,3.238457270128473e-05
56006,3.093808697216735e-06,2.9035494360303113e-05
6915,0.0011707834930922794,4.0899441175425005e-05
122011,7.194062306080903e-06,0.00019562665490666225
259217,2.5862399447481972e-05,1.4247527600728837e-05
6549,0.001139895145132458,3.522506671132751e-05
5082,3.099685274762453e-05,0.00023641093764254504
23212,0.00026272439790805594,2.7577150430438556e-05
5054,0.0007024458788908849,0.00023495608015579414
157638,0.0034136743671118034,0.00013094356454333828
678,1.175596390514751e-06,2.5220046681577846e-05
27321,0.001698129209135403,1.8143394308063074e-05
10392,8.539559989620814e-05,2.191701945737059e-05
1008,5.123407160863378e-07,3.551122051906302e-05
8840,0.0002121114539117656,2.2527964618520307e-05
9867,0.00018968279519918527,9.438438501325504e-05
79738,7.766782183441491e-09,4.5129786329008736e-05
1000,0.00020291628948427437,3.1121136386187374e-05
140803,0.0030845713005865283,2.2567344093287388e-05
6286,2.0546156925197256e-05,1.498009067199459e-05
2705,3.0415905453039195e-05,0.0004313143278782643
81565,2.7143271825505007e-05,3.192417042274415e-05
8325,1.0671135542440856e-06,3.476020759869482e-05
54957,6.260842920269569e-05,3.2468999116495796e-05
57054,0.00015007839671455085,3.7686689550102427e-05
64983,0.00010479730940743364,0.00011995767533501087
3467,0.0006214542643595375,0.00030355212231120534
283229,0.00012260967009587482,4.9177129515675074e-05
259266,0.0005654123015418206,9.210461718517966e-05
56956,1.5972338372490603e-05,2.8782324493525213e-05
79816,5.5121984517295265e-06,6.775745246519518e-05
5824,0.00019519018098375238,1.5380911257791446e-05
80086,3.7081054123376352e-06,9.206358742178647e-05
64978,0.00037467886958422714,2.5803005594973862e-05
892,7.871990148361485e-05,3.0648537815204645e-05
2649,0.00016238217398518678,1.7346408601647986e-05
7514,7.921725716194864e-06,2.1007295597921863e-05
51196,2.103821178242953e-06,1.4691755498393555e-05
81569,0.000996312257703264,0.00016979199561239136
338567,0.005420815516019111,4.9734177710817364e-05
23566,0.002961240658503858,4.618134430903601e-05
94107,0.0006895082928372815,0.00013492043562342233
55278,2.172011505842155e-05,5.552080756717154e-05
29062,1.3665333684654188e-05,0.0006024104683086794
60626,0.0003724180925812299,4.16877259667068e-05
1258,3.6106874741243666e-06,0.00020480947868090714
51668,1.52046265761553e-05,5.432462210445058e-05
3920,0.0004205966083640367,1.6858204614504546e-05
64429,0.0017043010018850562,0.0001033090605595398
55791,0.005521698007946499,3.141388865814839e-05
81533,5.003512731172066e-07,2.6299273183363592e-05
22822,1.7235786770524954e-05,4.662370491142364e-05
64100,0.0009582020750868341,0.0009002381717966855
54602,1.4819277778281839e-05,0.0005896309186625337
84966,0.0004279301871202864,2.1362676349672174e-05
8440,0.0001610613670330627,6.358957858283582e-05
80318,0.0007241698271027526,5.1607927284528015e-05
54575,4.065615671804674e-06,7.727076226429648e-05
51626,3.841038222740138e-05,4.6140231422715296e-05
2638,0.000843083924905729,6.403182404292955e-05
5229,0.00013234717036937765,5.3976038801070646e-05
5733,0.0008156812209644693,1.4271920169387749e-05
54543,1.0088211996879121e-05,3.0304648611434063e-05
5304,0.00020531021616809042,7.211417023337067e-05
57095,4.302214090570651e-05,1.809193182415399e-05
200316,0.0005086995664887072,1.4498378820500179e-05
389119,0.00047433879325968936,2.3076844985252257e-05
56288,1.7103010111434614e-05,9.39877584311461e-05
9227,3.397348750134855e-05,6.377030555519755e-05
85365,0.0005369796968195953,2.0520340739189438e-05
6737,1.189303138597288e-05,6.1050803988743e-05
10430,8.610185421210765e-07,2.2291071765120838e-05
6642,0.0001766975513028406,1.73060491176955e-05
2108,0.0008189290803294057,9.70006664180575e-05
84445,1.723761046930324e-05,0.000429579186242079
11253,0.0006680847626301715,0.00012065301415630293
4802,0.00047470725308010634,0.0001539952578625769
54769,0.03365595724907515,2.1394383302082554e-05
7564,1.3909596909770078e-05,5.971476153140485e-05
8775,5.404984563791087e-05,4.813854301235808e-05
79751,6.256063471725727e-05,1.4482888412030213e-05
162655,0.00020396634163622311,1.4227881134879576e-05
10110,3.129808666144861e-05,0.00011162829187980655
213,1.5683327585556624e-05,0.00020134410664728112
4093,0.00010195222977270892,0.00013301823042048897
64844,4.514915706828654e-06,1.6298369441924466e-05
137886,3.111016794407689e-05,1.8163165262333612e-05
4118,2.9909018003617766e-05,3.512979143835072e-05
84709,0.00215768748371582,2.1686719050123102e-05
599,4.7654281252644975e-06,3.615086695773434e-05
3586,0.0009677577767308104,1.4118858799340713e-05
692312,3.1400967000915237e-06,0.00015246951761362304
7802,0.0005775012381881281,1.7257670420059028e-05
669,0.0007772958192937329,3.239104233312883e-05
91408,1.3540762020956822e-05,0.00019136423111644143
10966,0.0001011142863380326,0.0001122549146703709
10810,7.085088774431278e-05,0.000177419266363447
80055,0.0002519205199340168,1.7480470613472473e-05
1270,3.382181806108952e-07,0.00015419091039027373
4661,0.0002767678000882137,2.3599507521414718e-05
3672,0.00016657160839731407,0.00010857842513769232
26610,0.0006175762863678263,3.1619200949699206e-05
158800,2.1832572081162783e-05,2.8869803454151098e-05
1540,3.8481820086618236e-05,0.00012805087032802752
5928,0.0004093153836477354,1.4598481737310694e-05
124995,0.020273471932492012,1.5961846430341986e-05
9862,4.30198295118797e-05,5.5753120782190876e-05
27436,0.001338853281841176,7.105586049181705e-05
1215,0.00017066680614449988,1.867058502692833e-05
899,0.0011005028623766004,6.638863423251532e-05
140775,6.289607221490662e-05,3.5590925456041834e-05
51293,0.0006616389028732715,1.8077400802579504e-05
6271,0.00034790813388630966,4.712246399155506e-05
3054,0.006106303594574151,2.0512602164031992e-05
5725,2.0088754340343924e-05,2.99496238891102e-05
51156,6.346092159057222e-06,0.00014213505421141953
5937,6.000727655484662e-06,2.6234780309369155e-05
1448,0.00015845236090160234,2.4742204464212408e-05
57470,0.0004433613544772746,3.71762542715161e-05
5364,0.0001254148097239785,1.4927552201843445e-05
26509,5.789786604680661e-07,0.00012210164599923924
79876,6.781303938619044e-05,6.038091983875128e-05
80169,3.975932528174799e-06,5.725256483235653e-05
51248,0.0024962754190263367,2.477930662719506e-05
10403,9.370004322756468e-05,9.432356698289631e-05
51070,0.00046545092192558206,2.7519759563730328e-05
29888,5.582200629233396e-06,0.00015297544634479036
64834,4.065615671804674e-06,5.62013515455637e-05
29911,2.372159611796518e-05,1.4481254011015119e-05
54865,0.0001365486648616495,3.1580640807934594e-05
273,0.00010097950724676062,7.996155952563966e-05
51168,6.883880631103268e-05,5.645776618569413e-05
120892,0.00040082050118346656,2.837901449987786e-05
3727,4.0725834815703914e-06,1.4731115202531517e-05
51058,4.8798668337058814e-05,1.709172737838574e-05
64091,2.758673639931957e-06,0.00012744308704978758
10533,1.336904680790588e-08,1.5767710362619e-05
2040,0.00168712734118905,2.4114282696874017e-05
9031,2.1935347547870656e-05,0.00010529300961425165
10090,4.5317649333152353e-07,0.00046930315774703214
29058,0.0003237182137936082,2.5388883533837294e-05
6634,0.00011081149097139747,0.00014925273923794833
3547,0.00016561486410931372,3.135946830420412e-05
51237,3.4926343764637463e-06,0.00018612916084309353
55616,0.0023238626584419263,3.0176575134054558e-05
2263,5.493678961835385e-05,6.093713934209137e-05
8444,0.0005082480377242942,5.390179372116736e-05
26140,0.00018597984764318371,8.009051569350313e-05
196477,0.00012489899965556836,3.759396097211629e-05
100529262,0.053267440143574214,2.185897075880462e-05
1375,0.0003753967268914764,0.00010057583192166379
27289,0.003915961164505733,1.5743445857554688e-05
84936,0.0005394556090522852,2.6729777995283605e-05
8531,3.101678437052351e-05,3.5547656632277215e-05
27190,0.000784984719492835,0.0001423076945762612
9616,0.00023733443713176122,2.0950496051077934e-05
59338,1.7123044490347162e-05,0.00016188360762248763
6093,3.1519067804001653e-06,1.839577524094484e-05
64745,1.693529388322167e-07,2.0704665233764945e-05
26065,0.001397530213787211,1.9043334495896643e-05
89848,6.802867167240051e-06,1.7257670420059028e-05
51652,0.0015942876919470496,2.495827089579617e-05
4253,0.024428767093958366,5.8610381694729266e-05
64081,1.667607750321675e-06,1.3884442704888862e-05
27230,5.6153582268756556e-05,5.341811213469789e-05
10269,0.0001071776688804246,7.218988403817056e-05
3159,0.04289128836645114,5.2278652120701524e-05
149076,4.3826527497811135e-06,1.505112854338804e-05
92714,3.9850898064594166e-05,2.1857479523055755e-05
8646,0.0008557112862042572,0.00020700097459353022
2597,0.00011445033187198298,1.448481440240585e-05
246269,1.2739595191918373e-05,1.744722791486213e-05
57169,1.0066652239247583e-05,3.671472628565826e-05
5787,8.880800196706472e-05,5.251371780232519e-05
23682,9.947130608532261e-06,6.359970866819903e-05
56658,0.07188386571826526,1.842258818878142e-05
55787,0.0001227870273190728,8.758886271686938e-05
7169,1.6204984310099684e-06,3.885600791553562e-05
3861,0.0010637930539044301,0.00016896459167951703
79622,8.83787144421135e-05,1.4309357802202588e-05
56521,1.2533426422276173e-06,1.5325934262712556e-05
1801,7.751533768170104e-07,3.7347623639874205e-05
10794,1.1048649658895047e-06,3.808499634182546e-05
7398,0.00013380132668357203,0.0002443256523967398
64794,0.000404331372551158,8.879265096736425e-05
22818,0.0028134165581907263,1.4893328144886502e-05
2173,5.5750323995231855e-05,9.184182019673389e-05
1230,1.1952992700723959e-05,4.3933301333167024e-05
23532,3.400156815970802e-05,0.0001387124258091859
1111,0.00012281722090682284,4.3621038846746e-05
123,0.0036648292674109884,2.4025961174404446e-05
57171,1.382885810197451e-05,1.449031606667457e-05
125875,0.0002806682659095354,1.6030449944713514e-05
84795,0.00011777939514799181,5.129424473883573e-05
83464,0.0009740288029682931,0.00011298151063610483
51164,5.8568784709633134e-06,1.9138996258159376e-05
51278,7.270032781433394e-05,0.0005001158389217629
2221,0.0003676624449791619,9.977828329142846e-05
11339,0.03233601327289893,2.6046902497302342e-05
29906,4.4079541115934974e-05,1.735619063226985e-05
89857,7.567901362990398e-06,1.8562034074193e-05
28755,1.0239984734222128e-05,1.4133171382928807e-05
9659,2.5172852727124906e-05,0.00016710137732766698
9923,3.250229501747893e-08,1.5342007817612283e-05
55825,0.0020388370912277254,3.3188839251055094e-05
6751,0.00047025752514498156,2.889605056190736e-05
8496,0.00013096446788463,4.8154082105044484e-05
5865,6.830013857861369e-05,4.725195174408017e-05
81846,0.00020598015684766764,2.4934801153562614e-05
342945,3.217733348550182e-06,1.378052077067573e-05
51588,0.0005418061432778098,0.000549372329156358
79660,0.00302787759843721,8.469295314431519e-05
3690,2.630999983613862e-05,2.6931041432673905e-05
2000,0.07274067698304615,3.183880094231645e-05
9789,2.8917825436805432e-05,3.0140825363580134e-05
55017,0.0005891376665631147,1.52791475907633e-05
170506,0.00040710905123281027,1.5718450087161346e-05
2966,2.4662723866035237e-06,1.535162150021236e-05
55052,4.9392094668167935e-05,2.1644379191603526e-05
7565,0.0005431988678060625,6.660451786678444e-05
4292,0.0009937878283709707,9.738470423906129e-05
94081,0.00043162713603998285,8.535734735934237e-05
5818,1.9334163633577975e-05,1.957432027972794e-05
7376,0.00029337235966552015,1.9224334071271647e-05
55856,2.8148992348951932e-05,3.143437797929973e-05
114880,0.0011553205476427409,2.5345526951087246e-05
96597,6.603156177364585e-05,4.004908515976298e-05
3593,7.291991729146559e-05,2.2265820672466258e-05
994,0.000420173509763797,2.6277364210969813e-05
23353,0.0001378174226694521,0.00010832945833520352
7024,0.0058718744532282666,2.5667655676809823e-05
1917,2.251995083803211e-05,3.999180217350146e-05
54980,1.9074477883538445e-08,0.00010342193848893236
11259,5.437412239271546e-05,0.00013662561908586016
144402,0.0006524831905886133,4.9220256278333475e-05
23560,0.00011560169520928214,4.4070121570564965e-05
932,0.0010223373980309091,1.4864557316411708e-05
10272,0.00044899637952489833,2.5086514902143892e-05
57447,0.001029320228316511,6.461730188832781e-05
143187,2.954913093883543e-05,1.5021656398427322e-05
118881,0.00013126107296231238,4.1799016172608375e-05
283742,3.31458018694102e-05,1.4186842370547823e-05
676,1.2331238076986516e-06,4.6644747398402766e-05
4691,0.0004571959896099842,2.0323616399801916e-05
117286,9.597943963985855e-05,7.951932070494834e-05
27031,0.0002546426810753834,1.9687804899436747e-05
548596,1.134667862546854e-05,0.0001315417622747708
59348,2.657793675162936e-06,4.3328921223335905e-05
84290,1.297275800531546e-06,0.00039339236120187825
128209,0.007137224062616869,4.210896749433174e-05
5502,6.282695112612069e-06,0.0001240524320296011
26012,0.00010661154512589096,3.0313397060925534e-05
119,7.213636501839209e-05,5.8934391360563736e-05
54534,0.00011780245522141756,2.090712010725832e-05
7227,5.678472101594634e-07,0.00010131749070240948
55589,6.494377821871394e-05,0.00015015663825497077
84908,0.0001817186394730542,6.929164360792008e-05
83871,5.368357377930443e-05,1.4631345144592378e-05
94137,0.0012951664169138417,5.7547432641752105e-05
1305,0.0009204777164852987,7.917022753335182e-05
51008,0.00016154128604033057,2.2282722647623488e-05
6571,0.00010476909366591854,1.7873881139996226e-05
9475,4.1942898271841166e-05,8.186735043285138e-05
93517,0.0003173280004033358,8.994759022448676e-05
51274,4.741265779326014e-05,8.361374657677875e-05
6209,0.00014420332413501698,1.8383773345128617e-05
23099,3.5150478817192696e-05,2.1046840066965557e-05
3188,1.578658701855491e-05,3.0245428349023175e-05
653509,1.9100470826634716e-05,0.0001946431330995279
64847,9.337855470244163e-05,7.570322119537208e-05
10336,7.177640198072317e-05,6.893104992950956e-05
6489,4.337897764090772e-05,2.5583846041256135e-05
8239,0.000263627723596338,0.00011413361213316076
6018,0.00010751076657258997,2.1329770448009663e-05
479,2.9925368436609542e-05,2.741696856835246e-05
2555,9.861597193290253e-05,1.52661560566951e-05
9856,9.456137222484518e-05,0.00013146999810248556
51253,0.00015814338313240798,3.2731057941218455e-05
163154,0.0011039617391637206,3.055844191941976e-05
64976,1.165372594139394e-05,2.579596775990584e-05
3145,0.0013714776337051568,1.490985067434566e-05
6175,0.0005201227338768806,2.864130667600873e-05
1347,0.0007100355681519068,8.067962432963689e-05
114824,0.00031371985748586997,5.4333842851279584e-05
23384,5.989100148257415e-05,3.2206044055674544e-05
6469,3.7507486076787976e-05,1.7831943526035933e-05
9637,0.0012042325246639045,9.221086408507622e-05
285093,3.1487423679013613e-06,1.5895318530427474e-05
4739,0.0011533528433823406,4.715996248291585e-05
131034,7.396180386892393e-05,2.0677289758681816e-05
80117,5.957186187776041e-05,0.0001053672311657249
931,0.0002636357705386702,1.4664253590323786e-05
57146,2.3383895678801035e-06,6.878306677907673e-05
10963,9.135662439020733e-05,2.2341612629153324e-05
58986,0.0017859607126186406,4.037651412402842e-05
57512,5.5275881784295783e-05,4.5372360732411246e-05
4091,0.0001307325398486913,2.31573425989073e-05
5866,3.349475521653292e-05,0.00015539236011535452
5133,2.8508007935541247e-05,1.8088635581881813e-05
79613,0.003915359174685351,3.668067266359036e-05
2925,1.1721365985275048e-05,2.581909070355162e-05
79158,7.05972233423874e-06,1.906807448351338e-05
1184,1.328601977758999e-05,2.272206713812876e-05
649,0.0015144194924315384,1.6726124479228813e-05
5902,6.27264012993862e-05,6.808319402433187e-05
9344,8.8705344337939e-05,2.8628233362573946e-05
7050,3.7007887457896396e-06,3.163544787258564e-05
23231,1.340341926669679e-05,1.4335010747632955e-05
323,0.0008034311189937239,7.071233346434203e-05
26232,2.5676414374584156e-06,1.9004887401105286e-05
112476,0.004149107125773084,2.5221641663620148e-05
25788,0.00020518202064964116,0.0001420941090571948
11258,9.678293481587353e-06,3.072862736828053e-05
945,7.853198740167511e-05,6.919342230517686e-05
23657,0.036947758412718835,7.20721716751253e-05
3730,0.000530850805241951,3.647650273777653e-05
443,1.3124211351865883e-05,0.0001544728958770802
23076,0.0033538635194225452,2.0717441433442847e-05
124044,0.00014875978666712184,9.860467957922261e-05
23635,5.6882158900080074e-05,2.854225625855229e-05
283638,5.928570692651626e-06,0.00019355899986658702
199834,0.00032532903025513625,5.1615375988207805e-05
7752,0.00028363904991791,2.3667938825571966e-05
885,1.4945616444858387e-06,0.00010990872856383501
60313,1.7234552767659277e-05,1.459540368543846e-05
10490,1.7050512132313124e-05,8.874043046851203e-05
10146,9.097933491449855e-07,0.00038594221704358527
27124,0.0006837909558014445,1.8698317319689902e-05
10725,0.001009397846020944,7.723761471059686e-05
23269,2.2352566298802143e-06,3.7887864586671786e-05
4116,8.23566502643101e-06,3.1092099863393684e-05
54959,5.174932403520504e-07,0.00033207458234534633
3229,0.00010424078133891852,1.4597321501846127e-05
84277,0.00024703445207750985,1.8622097443692115e-05
6405,5.511840975832573e-06,5.133616344705946e-05
51759,1.88779421475501e-06,0.000295262665309481
9792,0.008716900509527564,0.0001698938832145319
112939,1.750456374354246e-06,2.7296139318097617e-05
6442,5.839323639108697e-05,4.248579066106637e-05
160140,0.030955552953871403,2.913889487416837e-05
8468,0.0005523521717119211,0.00015217683667822794
222229,0.000387908364210098,3.482554817199973e-05
4129,0.0008361895308612488,0.00015053268726540741
9825,0.0016406606276043935,2.665392818444156e-05
8543,0.0001384117330893806,1.8445839427710353e-05
55890,0.0006254196115622869,1.7653951213668967e-05
6416,0.00036963516796211817,2.6372356938365655e-05
8192,9.887507421611499e-05,0.0004565424834325061
10293,7.246872702296136e-07,6.124984462544125e-05
51339,1.717738652766579e-05,3.2061027047652194e-05
55269,0.000919986392901696,0.000691695891141967
54801,3.113849287724971e-05,1.7826657634201407e-05
79796,0.00017584358428686625,1.6553069086769507e-05
1627,0.00029947310012244335,2.751106473504403e-05
9254,3.322108926060708e-05,2.9025455955663678e-05
54535,7.024653817730351e-06,2.3447123727644593e-05
58529,0.001726768876362323,2.07469965620701e-05
5994,6.86192253843217e-05,1.4178152785878976e-05
54331,2.7765810769925377e-06,2.0492605295728524e-05
25983,3.4490288009503285e-07,4.78834838762742e-05
4099,0.00031867011353111025,0.00019107446672274892
60491,9.11996305498441e-05,2.7867893853674748e-05
121278,4.346534898013698e-05,7.998356047919381e-05
6717,4.6184715520680734e-05,3.092395865424795e-05
149233,5.3012502847646165e-05,1.593718850826792e-05
2617,1.378108194470962e-06,1.7461077896514594e-05
3164,4.320506586779905e-07,6.17284947991622e-05
477,0.00019973739054992296,1.4787238131131578e-05
566,0.04578556325176084,1.6018871769069816e-05
11234,0.0005277122809723759,0.0004774134675271721
117178,0.0007357521397803569,1.5011170886993316e-05
2775,0.006903531605927363,2.4700915087647507e-05
23283,0.0004386127544496832,0.0001677251994581342
23336,1.685200296787782e-05,3.507147576735641e-05
10897,0.0002152518049497159,3.9335639946015364e-05
8611,9.861597193290253e-05,1.744722791486213e-05
1958,7.417443393054986e-06,0.0005023532392833149
1482,6.7879398225347765e-06,1.4247527600728837e-05
11171,2.1338238491746535e-05,9.987645871900308e-05
255626,0.000160990764274166,0.0003294515746492473
27145,0.0033113353887154464,4.0394787776582885e-05
6283,8.581695972752882e-06,0.0003161655166572237
3329,2.467634413722423e-05,3.0168518865112188e-05
84552,0.0007496752341892202,0.00017260806319447972
90871,2.3539519741454503e-06,1.4472193231207288e-05
1080,5.532746764773684e-05,5.20716631684553e-05
55228,0.00013372352528439132,1.711272896140198e-05
7503,1.5871417151346294e-07,3.574713675091027e-05
114571,0.0002090492695312735,4.910247395850632e-05
79635,6.660395559370575e-05,9.64584966805291e-05
151,3.1152351506321806e-07,3.303191675245647e-05
1992,0.05638273860438222,1.5390926898141055e-05
51059,0.0009043880649614711,7.944930154968292e-05
116444,1.3178170088695681e-05,3.765373125175827e-05
285362,0.0011820450770097053,1.411521394642016e-05
58155,0.0004056061436062018,3.727175121490707e-05
8907,0.0007896588406758639,2.820808920815431e-05
1208,2.6572773207234016e-06,3.7283957682458796e-05
403313,0.0002578212236185111,1.5802385656880175e-05
6795,0.0029686565599962808,3.77300203717506e-05
11257,0.00041115631765026496,0.00023553764317052784
25777,8.177890495325181e-05,0.00013099609645108063
79080,6.381064688848241e-05,6.149959440270405e-05
1857,0.0028802808068426624,0.00034226934625955664
125050,0.0010786923202557753,0.00011614606592405245
5499,1.7677959050492397e-05,3.649383854400381e-05
2840,1.5871417151346294e-07,6.300088834377568e-05
389941,1.175596390514751e-06,1.4335010747632955e-05
6234,2.1613140389766975e-05,4.952883214622751e-05
8402,0.00018159211821967253,2.5441151049434146e-05
25924,0.0006342663005390698,3.266212658410178e-05
3185,8.298319163603243e-06,3.652327848381466e-05
9240,5.849878727063815e-06,0.00021384768290021565
84320,0.0002451819125974622,1.514080344839087e-05
5608,0.0004558451918407547,1.64399657329345e-05
3500,0.0015562048496690598,1.495575538120614e-05
230,0.00021227658166582747,0.0001268345589371203
3034,3.7759742944796736e-05,1.5450423110544345e-05
27304,1.5519940406244838e-05,1.4742274740790414e-05
861,7.392584393340116e-05,4.1750645842470865e-05
151242,5.212586660892743e-05,2.2865489408264632e-05
90865,0.00020293877068175444,1.6930385791370518e-05
23344,0.0005551489281468509,0.00011924573792977503
1558,0.0004845648462083923,2.4485335300158573e-05
2548,0.0015831662058722667,0.0002987306018406122
5887,0.0010045224248640175,0.0001543559118174584
2913,0.02536566667622904,1.8455393913942825e-05
727751,0.0001384117330893806,0.00014912613171827078
50945,0.00039873712479172483,2.405943652907266e-05
56997,8.615761370098745e-07,1.8005366749774336e-05
1718,0.001044178490892447,0.00012064412667512203
1046,0.00017632260694812245,0.00010181194930860066
8153,2.467634413722423e-05,4.6772032400072e-05
10365,0.0004881718310562162,0.0001109425545723724
49,4.650350026862852e-06,1.4196438955463963e-05
81035,2.6852804454533825e-06,4.981794011370421e-05
57162,0.00017867197074383274,0.00030609003395410983
10569,0.0002621028862229623,9.095616896571402e-05
6923,0.0004576657112858703,1.4664253590323786e-05
10204,0.00019973768347250482,2.2865489408264632e-05
11140,4.597998026344074e-06,4.16877259667068e-05
3706,5.341087404481972e-05,7.022381395525397e-05
126326,0.03156452174983087,0.00012360664267143978
571,7.771379261899464e-05,3.0085552825210774e-05
80018,2.109962304271795e-05,1.5633330575860933e-05
80781,0.00011593241804721668,1.4881937333780143e-05
81539,0.0007705787235819162,2.0333996740472545e-05
6692,5.829318185018396e-06,3.1234140069439127e-05
55049,3.1708782148744583e-07,0.00018012436951920472
6015,8.359486692603545e-06,6.243637852649239e-05
54867,0.0014563345501426878,5.411869060668394e-05
8624,3.192449029853463e-06,6.0278362389775626e-05
441155,3.794214853213711e-05,7.304132503550705e-05
10165,0.0004198882804774077,2.2585123452359847e-05
22798,4.140501980295344e-05,0.0002069298098611054
28227,0.00010421389446873697,5.5204738945925e-05
10628,1.3622191755892834e-05,2.343237506471891e-05
9436,0.00029005230743727996,0.0002648475231948932
84300,0.0010440768132484904,0.00028415633121790405
10228,1.90888128375473e-05,0.0001683917114399175
27076,0.0002598372411107367,1.4247527600728837e-05
9733,0.00033398912225975075,3.5211996574646535e-05
842,6.5031803162488956e-06,3.51989593309392e-05
55719,4.067412914821638e-05,7.336415334586099e-05
6119,0.00020608426289101352,7.890783741397075e-05
51122,5.000897082263426e-05,1.495575538120614e-05
3635,0.00031274301253377733,8.132079631308287e-05
4552,6.823758006478213e-05,5.7594381279165634e-05
4694,1.050993208978034e-10,1.8156215412421093e-05
28998,0.00019354491184178803,7.198067829544486e-05
3233,0.0015577750266028802,0.0002878780471114585
51282,5.0863352381546635e-05,5.1408027414750815e-05
127254,3.042456780814844e-05,4.350772908068844e-05
6195,0.00026585476001273525,2.0184833884878224e-05
8533,0.00014166715930520287,1.4404720624888371e-05
85453,3.513369814609289e-05,0.00014421276298404447
23601,6.58047562646667e-06,6.078096963036217e-05
4121,1.795936627175349e-06,2.13790502221497e-05
8434,2.2950562392366775e-05,3.972685052284542e-05
55138,5.582200629233396e-06,0.0001392599719055734
313,1.1319251139279992e-06,1.480559463283554e-05
117248,0.0001625622284465465,1.99388315113542e-05
23170,0.00012787843060938186,1.8217563553580912e-05
84258,0.00023079025767365913,0.00010430666905632468
10933,0.00016237320732045342,1.534375983513951e-05
5696,0.0005718174157921472,4.744293835234669e-05
2161,0.0028810859520685423,2.9822016566447653e-05
4322,0.000733802791613197,2.2065625191825298e-05
6999,2.2197237572526472e-05,2.2702939436478198e-05
79048,8.011869096564873e-05,4.014331629138468e-05
83899,0.0006467267889613692,4.239592798519445e-05
919,0.0001886274671024696,8.858094079027425e-05
4033,1.1793110721787068e-06,3.741514119884761e-05
57473,0.04111258790062441,3.208828803872201e-05
57599,1.5561841645533373e-05,2.2897785457226367e-05
1991,7.192542727470405e-07,6.993233048469963e-05
441478,0.0006895749831392114,2.4096007202243706e-05
83695,2.82640662544228e-06,7.194667800574579e-05
788,0.0005173852999161913,5.1735123921830485e-05
6199,6.285469119575863e-06,4.187637787055931e-05
6051,0.0006878995252777473,3.0933090668268646e-05
127262,3.7136078917303985e-05,2.7401658117931744e-05
11127,0.00044780155035882406,3.0312939580784247e-05
728405,2.760249495636924e-05,2.7926226457437112e-05
92999,0.0033000617733122605,0.0001863578077019453
79027,9.480095930504772e-06,3.39052755444023e-05
383,2.899048720902761e-05,6.10643788234731e-05
7291,2.867060353613823e-08,2.000934243019626e-05
9103,0.0002462646263511598,3.8624041716635905e-05
64283,2.6041312201433922e-05,1.9546099751657203e-05
3268,0.00016953586037645143,4.9368637199662804e-05
526,4.1403870524641987e-07,2.3161223103951807e-05
6231,0.0001163646777112788,1.4591754661738275e-05
83852,3.3462890739141494e-06,4.210896749433174e-05
92342,3.5450117804642997e-06,2.865476472791844e-05
4835,8.075843319810057e-06,3.169786590614721e-05
57088,7.769017081930462e-05,0.0003411309195218615
11199,6.780999416716598e-05,7.095799472347798e-05
84376,1.2057391933013808e-06,8.303577947574633e-05
51284,6.530831512736073e-07,2.3536045610841624e-05
23136,8.991578341636408e-06,2.5781534452659947e-05
913,3.276132576662053e-05,4.705331210329523e-05
84701,5.746670300176673e-06,0.0001299154793806706
23111,5.7108712646137725e-06,1.4885081151045723e-05
64895,0.00010319891985053294,2.5829162134462336e-05
6730,2.0205415731497574e-06,0.00018857181880621156
2912,0.00043485468757309897,4.2478221275833765e-05
127540,0.0025649277452422245,1.9447958079765187e-05
65108,0.003073994945122012,0.0002678633816547061
79184,0.0004323978043865914,0.0001636319106837299
283349,2.1050737052194103e-07,3.454267448666503e-05
7444,2.466150700852716e-05,0.00019304667776086817
9319,1.6993603987653214e-05,2.479940395733173e-05
221895,4.62855556737866e-07,4.1962875826278e-05
6508,7.111548317290443e-06,2.8670328213618357e-05
10672,0.009486625809668218,1.454748884334857e-05
54810,0.0001384117330893806,0.0005729363104381721
9572,1.711381031780716e-05,1.4171260121992741e-05
23067,0.00014022597039850283,9.842093084981178e-05
9738,5.028406510987169e-05,1.920985346272978e-05
22854,1.4283795246612328e-05,0.0003326645818504313
222484,4.272972995903776e-08,4.757536482013792e-05
5431,0.0027881301230119272,2.6914183578788456e-05
6530,0.0010665619702448137,2.842089563332332e-05
284680,0.00012581410693359604,0.0001399482435724833
917,4.130793024550507e-05,4.236237797187476e-05
5896,7.474340440185567e-05,6.469114433044059e-05
79183,9.911030264863946e-05,2.0271128579644137e-05
6360,0.0013281446737179934,6.338368215307239e-05
9074,0.00032511861414713695,2.3487920914275204e-05
27069,0.0004723073856598522,2.819459553072862e-05
23312,9.896593678512294e-05,5.7085803744816524e-05
157773,5.876233851093575e-05,0.00023024299817087446
1033,3.5906031819876336e-06,3.0405198992268465e-05
9600,1.3420948700132903e-05,1.7651473992205072e-05
10900,4.60457214063034e-05,3.2385750157787494e-05
79365,0.004637976898405156,2.744461983117261e-05
7360,0.03702117874099976,6.241609401333449e-05
7704,1.3820410087161924e-05,0.0001299545854177875
3219,0.00025779545206412106,3.978445391254307e-05
542767,3.888935412193089e-05,4.602354133232633e-05
9053,6.346277047722879e-06,4.219128219730445e-05
58500,4.3814499936390945e-06,5.072455181386554e-05
9820,0.00013417790231748215,0.00021529235601043967
11264,0.0020935090255634605,0.00010463200530586542
6223,1.9822625364339978e-05,0.0002022697280234288
92806,0.00035611830128984013,8.518525161379899e-05
256933,0.00013223810072250834,1.831997950161807e-05
4720,2.9790871564194062e-06,2.0855500574513948e-05
11219,2.267629754407196e-06,2.3080677482034786e-05
2009,6.870455559493318e-05,1.4496443009773955e-05
55095,0.0007628218725323487,1.7889785011362346e-05
27127,0.0009891539960291465,1.5183745941501852e-05
10714,0.014005052577405972,0.00023109859779584302
116931,2.151939672976553e-05,1.4247527600728837e-05
1794,0.00011893796611901517,2.296459472168291e-05
148413,0.00043868074388667117,5.726166978480154e-05
7415,6.284312141082132e-06,2.074328550645309e-05
9144,0.0008864608680057324,0.0001509591235417059
1830,2.744406626813852e-05,1.429730938272906e-05
54545,2.612095723978636e-05,2.175892417510019e-05
79873,3.7282954278147605e-05,0.0005230079706747796
9568,3.151708115065437e-05,0.0001601733515528081
150,0.00029277343335982196,5.013536322920704e-05
64663,0.0003121382436927842,8.658362302151172e-05
55174,1.0537626900467272e-05,2.0823964419852444e-05
8416,0.00038818334170367155,4.171622403445475e-05
2894,0.0002644563905171632,5.08695955096154e-05
2641,0.00012919873484130447,4.643517821136733e-05
2049,3.154814028160571e-05,0.00014098311127737923
1810,0.0004307628970818347,5.837699420749878e-05
6541,0.00048644444986234393,7.205222096862283e-05
2847,0.00011719467050764763,1.5130882159570226e-05
3803,0.00042109451067931736,2.28010333212655e-05
26291,1.990954561155764e-05,6.829325526433576e-05
90411,0.0001340031495645124,0.0005879588183548767
389840,1.6129222442487625e-05,6.741678703098465e-05
4034,1.4787139295918446e-05,5.011366143893413e-05
2645,2.63275301446813e-05,2.1910466194314576e-05
962,0.001499685272057601,3.766091003347332e-05
7520,0.004109429216506541,3.902308236676222e-05
63931,5.257308937678445e-05,4.0671728983738795e-05
5576,0.00016654711713525822,0.00016472937274519602
93129,1.8346997149162327e-05,1.3622478417293492e-05
51056,5.214196847179359e-05,4.3503581784739294e-05
284194,6.233156635332731e-07,2.8970662971601126e-05
2247,4.776482972141745e-05,2.5250706717297554e-05
83594,0.0003409098214295695,1.423552229629779e-05
3313,2.1711070108025115e-07,0.0003789816704224634
3502,0.0010036052958195861,7.310147816297744e-05
149420,9.815207403225987e-05,4.976276418277828e-05
286826,6.892461409287747e-05,0.00023028534099244052
4957,0.0017016357331157278,4.43646490313013e-05
10874,4.9153383708689126e-05,3.864940567626989e-05
3126,4.279100753108305e-06,4.8379638795717615e-05
5568,0.00014091928422104867,5.8799237591828526e-05
27111,0.00017023069729658994,1.5700231977249193e-05
10806,0.001067007017858766,0.00010497568036177151
3082,0.0007051886323652047,5.2102077207213886e-05
5672,5.876348248861021e-05,8.914344437744699e-05
56896,6.77649776354196e-05,3.0869943134113706e-05
5734,2.2197237572526472e-05,1.3835029972947414e-05
80254,1.8034573137729314e-06,0.00014504916830255227
7741,0.00016313647497399344,3.866861910712181e-05
1812,0.0004448881422275127,5.743008730110266e-05
54496,3.359724760391541e-05,1.721267061359408e-05
11082,8.294380145628276e-06,8.128715288271237e-05
6539,0.00018424756257336066,0.0001439960788210214
6733,2.2308244880437223e-06,6.114618849062663e-05
7311,0.0007002393106517481,9.952977132393425e-05
57701,0.00046114458266005326,3.665207398277526e-05
9961,0.0013177569289285847,4.0581164811140345e-05
137964,5.582200629233396e-06,2.1887726431602428e-05
4250,3.560714051268409e-05,5.6885230099570564e-05
6883,0.001565213981400846,1.6241597716257117e-05
23030,4.2239227184653366e-05,7.431147338168052e-05
64773,0.00017118079378635929,2.050444003384973e-05
2570,0.00023963912998132837,1.4661973345955776e-05
10983,1.6396049915309306e-07,1.4520968441548475e-05
2304,0.00035219780562781365,9.95854792803529e-05
163183,1.7634929313835562e-05,0.0003163156628188895
29882,0.0030838460852786126,1.718491179549141e-05
79109,6.615203324958429e-07,7.596663647623735e-05
6421,0.0005655680573968012,9.738470423906129e-05
6832,0.0002565668056523175,5.25966057843206e-05
8301,2.231111442825217e-05,3.5926051035243415e-05
5791,4.808735858801901e-06,2.6472136478345843e-05
23247,8.877899081740506e-05,4.4606522343373124e-05
11073,1.3746101558407958e-05,3.617896472180561e-05
3906,0.00035932595634754653,8.916978316102401e-05
441518,5.931563651448167e-06,6.121704987860371e-05
127002,3.4853309749712146e-06,4.9049753684718426e-05
199746,0.0040614805274638375,3.5168857727691416e-05
10615,0.002480282973142998,4.748856642003739e-05
90480,0.006868391857766729,6.665242232987001e-05
167691,0.04561368454261579,2.352581379018388e-05
6402,0.0010591102967048402,2.6737545264387076e-05
8975,7.56500052926355e-05,0.0001553074063539143
11144,4.9102772416919534e-05,9.444133431298107e-05
283152,3.986987592365439e-05,1.6810990254934794e-05
657,0.00019372707274328488,1.4885081151045723e-05
83747,1.8167422026822682e-05,1.6853079820320705e-05
5366,3.169187260302381e-06,0.0001513646643967674
51603,1.5623650477930755e-06,6.645337637223767e-05
55662,0.00013219261524947544,7.170837006107485e-05
9885,0.00047607749815302354,3.4043264051733846e-05
7703,2.7383067752594888e-05,1.5092448715172041e-05
2543,2.701545285630406e-05,6.479942370280343e-05
79573,0.00016050832755086495,4.141362102462476e-05
6049,0.00625982860225774,0.00021292863570547844
23403,5.534739280640601e-05,1.4248336002626472e-05
3336,3.9691983053605703e-07,4.1070811681922e-05
9611,0.00026155177871053996,0.00020357242024143603
3489,9.861597193290253e-05,1.9043334495896643e-05
64005,0.0009228422117770128,1.4158542446505485e-05
9824,3.791674630071236e-05,5.629680599179e-05
6620,0.00017212028456708162,0.00013107963738337615
26061,5.377635838722513e-05,2.5552181128826214e-05
48,9.861597193290253e-05,3.218247018306549e-05
79959,0.00012249186194973944,6.549005033758086e-05
85015,3.45963203256443e-05,3.5332707941836575e-05
3713,0.00048227692921992514,2.9849051524549918e-05
26225,0.001538954297906124,1.850190434399365e-05
6813,6.961912720803523e-05,0.00019401845873723536
29990,0.0001763675353018687,5.597155396746705e-05
285346,0.00014824231993040263,1.4897681030648523e-05
1942,4.906528706166222e-05,0.0008244867229572478
89874,0.00032117234967115986,1.6784902992925236e-05
6996,0.0005181418387055735,3.6181903709184835e-05
8751,0.00012213670247730946,2.1961569653728382e-05
989,0.00043193371202840516,1.9757851940800964e-05
10463,5.941911283791009e-07,1.959832969829316e-05
26112,9.987168733375165e-05,1.8421903557813943e-05
145270,6.696974662205707e-05,4.5797076359226446e-05
6892,9.701923234058214e-05,2.5813778408386927e-05
8085,4.0384510829369464e-07,1.90754178896298e-05
5199,0.000650175722392934,7.876511977777493e-05
57057,0.06433837449363108,0.00026896556831959453
3484,0.0005726490167343631,0.00010995961474748089
5999,0.00261596047471222,0.00017754425618194433
23766,2.467634413722423e-05,0.0002630506748162002
79585,6.379481247091977e-05,5.2730933463190234e-05
8332,2.5428599149686243e-07,8.956458402921118e-05
7535,2.8442381898182933e-06,1.809725124404809e-05
123606,4.0391414622183785e-07,9.232225349075229e-05
2926,6.219566931813962e-06,3.974723967120172e-05
57459,0.0009902640500386362,1.4323851896292585e-05
359845,2.23188548471304e-09,1.495429650019547e-05
84447,0.0015392859617041356,2.459938198814052e-05
201181,0.0019088397876924237,6.86336524291429e-05
3347,0.00016396594160234294,5.442812339573053e-05
57185,0.00011870243832861921,1.7418486592803653e-05
55041,8.096240351765342e-05,2.5035796038483733e-05
55624,7.733238045759173e-06,1.9043334495896643e-05
23281,0.0001370613361810561,4.3594715359460046e-05
344892,0.0006479861568649173,3.71774056039768e-05
8537,0.00203525599409511,5.964040667806294e-05
170482,0.0018738369407311042,4.329257579113509e-05
51155,0.0018559694795593632,0.00015764098070060378
152007,0.0006911592044654343,2.7446715175642626e-05
81892,0.00034467685525910847,3.714550864239588e-05
2642,3.092756094453497e-05,0.00020329237432294614
3574,0.0007739423863381466,1.4335010747632955e-05
811,0.00016054219804733402,4.1852254652455e-05
1022,4.351565041621984e-05,2.2393188868789973e-05
171023,9.392028521399429e-06,8.672684950263016e-05
497661,0.003517037213817396,1.8202778574269752e-05
90,0.0005951313928792087,2.1806656481555265e-05
22930,1.1275136746922428e-05,3.3047624042468644e-05
113,3.7141268617979085e-06,1.4928959716515104e-05
1910,0.00015628463655483602,3.1397619087449414e-05
2804,0.0017042732187760937,6.901070116787294e-05
161582,0.0014037718112608418,3.407459735445072e-05
225689,0.048632241201850945,9.898348759368361e-05
79145,0.0005258496281046528,4.4890169474558355e-05
221656,2.863125123994515e-05,3.1538300177850575e-05
56547,0.0006154779217641918,2.810175545360878e-05
57542,7.95114097372013e-06,9.183554481066614e-05
10212,0.0005903838428803244,0.0002805016625522394
5533,0.000380972498007946,3.6507837109311605e-05
113178,4.205542454854786e-05,0.00039853367312622947
26823,9.004493209633292e-05,1.495575538120614e-05
115817,7.878742284863145e-05,3.993427425176711e-05
79465,0.0001184599420526669,3.407766964069769e-05
55970,2.275077420925086e-06,0.00013583593854066923
5465,7.185256134973559e-06,4.115595869712379e-05
9895,0.0016840785139110995,4.660240539087064e-05
64919,1.3069211684008831e-05,0.00010752617710920493
339231,9.191753645738521e-05,2.8906834765461308e-05
116224,3.514419794395773e-05,9.615490653182102e-05
55148,0.0006441175844234511,0.00020516740491044493
163081,0.0004619653376064733,8.60124492981202e-05
760,6.381064688848241e-05,6.404004162510435e-05
10656,3.126008804575316e-05,5.468961605097207e-05
2019,8.665224773881648e-05,1.8652119128047288e-05
55803,2.0598739839077797e-05,1.6855843971608417e-05
22821,8.929723365568033e-05,0.0001792522391092392
2628,3.159575555619006e-05,0.00017026666995563367
51309,2.1158016435397124e-05,7.471910914057314e-05
10443,0.00044151191795294457,0.00010951293114224819
2209,0.0006259919067634225,2.3864696971292008e-05
2137,0.00011217641525182601,1.9571054365580898e-05
65010,2.8498263157351044e-06,1.4271182430968233e-05
51444,1.9778086528763013e-06,2.9439173753873574e-05
2118,0.0007800900209761759,1.3905549832897961e-05
2584,0.0021434888783622304,2.3193048069297803e-05
51714,2.2153407162983294e-05,0.000363260721435172
10818,0.00021770343818325422,8.312544961923285e-05
6193,2.302707083231095e-05,2.8989739560691113e-05
219771,0.0002874738057916602,2.1280320021763595e-05
5515,0.00014251869438993103,0.00011889378966530603
54859,0.00017278105755277166,0.00016872601083611823
10148,0.00018636148629980407,0.0003881806935239308
9758,0.0004105605594054471,3.3779671523863354e-05
3652,1.546056448383641e-05,2.9630385103162585e-05
23466,8.901274058613954e-05,0.00010311614664356362
5447,0.0006756908886741046,2.9214423570953934e-05
1978,3.4236846058908494e-06,0.0001514168916180082
64106,0.0005331396077574078,3.014300079818069e-05
150684,5.583270677044688e-05,3.508933784932702e-05
10013,5.582200629233396e-06,4.125676205749711e-05
1814,0.0013449931295438102,7.080916424348306e-05
1040,0.0008227783748859013,3.4405356734882926e-05
92335,6.920735134576562e-05,5.968423416857142e-05
7675,1.0459692332875665e-05,0.0001108543689588483
818,1.868683287877104e-05,9.58167917624995e-05
9669,3.484119983053021e-05,0.00015672861532701983
6840,0.0006790751675253262,3.908218021337091e-05
4692,0.00020949472500570454,2.534127033089297e-05
1466,0.00343251207035382,1.4121598121589487e-05
11079,0.0006984920899232186,0.00011057930769292565
91894,0.07652776411011288,6.171596303316417e-05
64841,9.162786691181046e-06,2.7377601421809458e-05
2188,1.0896617713786751e-05,3.838046288723528e-05
83543,0.0003340823454059324,2.1012693271355015e-05
4495,0.0006015714568344228,2.480770522236933e-05
841,1.3002939292855769e-05,8.501488028871858e-05
7077,6.234975150004466e-05,3.820039729340419e-05
145957,6.886248097926325e-06,1.49538784854226e-05
29802,0.00046494080867192207,4.339332054901157e-05
186,2.1299958672041615e-06,4.627697628346625e-05
25862,4.882965349779251e-07,2.1925512561561612e-05
8968,0.00010624064560284508,2.4924526100801603e-05
7150,0.018805227257188813,6.783779109868829e-05
55638,4.107108515168224e-06,4.5769917937699215e-05
84527,1.3249352683662283e-05,3.4672272258218916e-05
1191,4.787229037576322e-05,7.03065441321078e-05
22927,9.022529690747656e-05,1.7499309810190363e-05
55319,0.0010253236318141675,5.8756180971043596e-05
29994,0.005571321379926383,2.731319371852394e-05
23533,4.400754322332418e-06,1.962212125809853e-05
27030,0.0003092720151150829,2.898864690094943e-05
338382,0.00017954118237691833,7.458986327684905e-05
4711,2.919334484378051e-05,5.570280960167621e-05
6482,0.000799458897779986,1.7652753270894482e-05
6559,0.0005094433135233081,5.403792315553338e-05
79008,4.095629443707085e-05,1.6302681912760082e-05
55312,3.105757374210829e-06,6.827198319324528e-05
22950,2.567095496957732e-05,1.702865036561189e-05
3898,1.2267851952886417e-05,1.9043334495896643e-05
57546,5.00382527286318e-06,3.9129664456136994e-05
9229,1.4073869076010805e-05,1.7751110589264885e-05
7266,0.0006243221062874754,1.5119337139098064e-05
25963,1.1837933917583268e-05,0.0001117544457015473
10481,0.0007890660873245398,7.258123073745964e-05
83707,0.00040839785948002205,7.240795019075094e-05
51027,5.044208613794399e-05,1.4192527130915964e-05
80271,0.03258458095477215,3.556256941617148e-05
10570,0.0007837281742769974,0.0001070199203523795
64232,4.336351839454176e-06,1.9386108349139658e-05
10471,0.0010171813652782395,0.0001552924934266575
9839,0.00025398556178588146,9.245379360812373e-05
4881,4.367330185029352e-07,1.6235287072641757e-05
7434,0.0014644477245142797,0.0003162647967883878
51252,0.048538494600113904,1.4850582937762662e-05
1447,1.8171926277537436e-05,0.0001899187783891591
51162,6.668434847338646e-05,6.348055920489214e-05
401541,1.478920322343009e-06,3.356485400458656e-05
7404,2.991871302826107e-06,2.071603815234189e-05
55191,2.8917825436805432e-05,0.000134798127075175
114784,0.0025193236416897603,2.6346800041127966e-05
10626,0.05282333056205569,9.498763595210622e-05
8745,0.0004527855785168888,1.547178671912031e-05
9685,7.266919333210614e-06,3.33497982213977e-05
10201,0.0008287274581305888,5.4413059460492664e-05
83955,0.0007975347896648247,0.00028900951152182106
80304,0.08342487658275297,1.5527390205099967e-05
84953,7.033962398181112e-05,2.6353773600614808e-05
1063,0.001702965172774021,2.5128593183179568e-05
80237,0.00025506821768538215,5.4146680476976294e-05
79161,3.561188267928858e-05,6.13795671828493e-05
29781,0.00035620802141075696,0.00019544103497397288
57282,1.773114592868891e-05,4.1404112268986424e-05
6146,0.00011860882756706983,2.649031856539982e-05
28976,6.486052706815236e-05,6.622403848163165e-05
6440,1.8647225891927027e-05,1.4742274740790414e-05
10518,4.9830172851266536e-09,0.00012744273250491105
51455,0.0011700257951389687,5.481952444726972e-05
5303,0.0002529014353555992,2.165157593614972e-05
7554,0.04008299058444718,2.2296809037871993e-05
1059,1.1182432716802828e-05,2.787571537378722e-05
392,8.292605393931823e-06,1.5014446937050585e-05
27348,0.002058393467611538,3.05582518945674e-05
10643,6.600131061739105e-05,4.920137356864197e-05
55144,0.0005708208340262281,2.6262942526350543e-05
9554,1.8171375727184123e-05,9.922026616720067e-05
1408,0.0012239743974614252,2.510522895377004e-05
54554,1.7384142072463963e-05,1.796861284818012e-05
147686,5.734963073683801e-06,0.00013333171328245262
158471,0.0002115192578957228,6.19809477105817e-05
199221,0.0001776469708136313,2.87409861640457e-05
4512,1.5713356414375278e-06,8.004054779009083e-05
259173,0.00021361465248503024,2.5205255157502992e-05
4815,0.0014012923178032715,1.6382611750419727e-05
3552,0.002671204028269243,5.2951302569628804e-05
135112,2.186861843631477e-06,0.00033571360805302776
9927,6.9594161196315e-06,1.4231812930535103e-05
79602,0.00011200873182420427,4.0698805393116195e-05
128272,0.0004923869756734338,1.5122381137050714e-05
59272,0.000507079055613379,3.558194390569831e-05
2872,0.0003375703878981294,4.210896749433174e-05
5688,0.056989988430331165,0.00022470617993334196
3026,0.00011309996455071832,0.0003331328201224553
26037,3.1792051061293064e-06,9.285691681376016e-05
58157,9.092319560373553e-07,0.0001574461487954158
112942,0.00025189212647533734,0.00014803119307118764
391257,1.4213527119472368e-05,2.8733519862718528e-05
1431,0.0001660073473764645,0.000192530689416919
3965,0.00035232401310091217,2.6486938292407397e-05
9725,3.7666894863083985e-05,3.4957841833776e-05
50615,0.0030810601108477065,4.8310753010036815e-05
285761,9.3968126855048e-06,4.2585083925874733e-05
83892,2.5549819130058446e-05,1.9093948518864613e-05
26249,0.00012081445535123212,0.0001105427635019971
84245,1.5586132477432517e-05,3.241442099003179e-05
9400,2.9698537442959606e-06,2.4812334168006985e-05
51141,0.0008036290530820087,0.00019175600866761438
51752,2.9053515206197838e-05,3.296907512569444e-05
10772,7.641395983123423e-06,0.00020133753418505483
93145,4.844970356403141e-06,3.808667673181311e-05
26002,0.00043054209747503907,1.7679012048999288e-05
2752,0.00283616592067435,0.0001876439754749499
279,0.00032022162915675126,2.4914418087665283e-05
4439,2.603559419042413e-05,5.528534410616839e-05
1104,0.00013673073703345188,1.4744821888776578e-05
9343,0.0002765843258181922,9.147408198872423e-05
126299,0.0001065422903741537,4.171840547145861e-05
7135,0.0006273943795321696,0.00013597409372220114
125228,0.00032171555007507157,0.00019919585412487092
9244,5.326554549320986e-05,0.00011497166882813889
1339,0.002866050835842456,1.9870972507293944e-05
9474,0.00031696871273121323,2.317933153069993e-05
6133,2.0204830088174272e-05,0.0001653785272149912
9804,0.0030171143469557016,7.33107976921206e-05
147700,0.00228795687870624,3.0649387992662755e-05
7681,6.931352644360704e-05,1.484696653572607e-05
23020,0.00036576839743990795,5.624027149050393e-05
83452,5.6251483828841954e-05,0.00010134798462501487
7248,1.0893091655407884e-06,5.3654971663603485e-05
23178,0.00019375388425056997,7.787515068905524e-05
11007,0.0011629693740000694,3.430141984449112e-05
51150,8.337464099782566e-05,4.976044441175711e-05
130399,0.0011985137192713103,3.374825642635633e-05
158055,0.00020930548426309644,1.503018624349716e-05
282991,0.00039060091143881744,1.9821753097019e-05
5957,0.0008740342088521943,1.8021728788664426e-05
9283,0.0010109658940129912,3.1606141481831264e-05
5979,3.93305004752654e-05,2.965130627876591e-05
11154,2.1196239874338483e-05,2.9556491565255965e-05
22916,0.00029869249184789534,1.5112186786921051e-05
84532,6.124481261087192e-07,0.000396223450656184
85236,2.1878837297601983e-05,5.3449242180987385e-05
5683,0.0003857740096785803,1.812947284458478e-05
6658,0.0014816588125508771,5.4912734545496455e-05
11260,1.51056568886254e-05,1.94585447695119e-05
56139,0.00028597945293437827,2.309780157017995e-05
7465,2.0269521318543515e-05,3.095297941307585e-05
51364,1.914257278831651e-05,7.801045034443925e-05
8022,0.0003484521026315769,4.486222354753597e-05
57409,0.0001656098449381048,4.3945876352390754e-05
4700,0.00030401007047248084,6.391603357117698e-05
6339,5.321158601104374e-05,0.00010608252713263927
27434,2.731780071964657e-05,5.901441244300165e-05
8353,0.00013023688068850703,5.626076020922375e-05
8458,1.3441445402815427e-05,3.6536298866193726e-05
10154,7.83658389754091e-05,0.00019932433334810906
84465,6.853030766491741e-05,1.822960585271873e-05
3683,9.79138362596871e-07,4.1919920326175596e-05
5473,0.00022932846632063952,5.906333398576124e-05
54434,1.5661278142723095e-07,2.436745691664818e-05
6239,0.00037485808292411115,0.000110422696751187
3006,2.1326209830048575e-05,9.228456533457279e-05
2736,8.821310132640052e-06,1.9783184074680605e-05
5409,4.518988330849037e-06,0.00024170718728078294
83795,8.146572362475637e-05,7.99843623879744e-05
283459,2.0990959396793807e-06,2.2780838596645788e-05
55798,0.00033502247889661554,4.0454836229883335e-05
9748,0.00010220059282179558,4.203838485505303e-05
2444,3.419136857850891e-07,3.814487324298082e-05
7993,0.002565518406705939,3.741719194949554e-05
6444,2.4226008278146268e-06,6.887188974544714e-05
56034,0.00043298202713522874,0.0001543663225475875
393,0.0010284484524696173,2.0282531650307305e-05
144404,8.656212831452858e-07,0.00020268503279150543
159686,0.0024913938681549465,5.205239293172192e-05
51807,0.00014997352109193053,5.847114595907949e-05
80215,7.301725777773211e-05,0.00021866390225108438
7769,0.00020199390793532399,0.0001561162603024136
7855,0.00014120258661668467,5.633340876342421e-05
7090,1.9916588913002484e-05,3.5361996092434124e-05
64963,0.0006320713759332072,2.4155765532143754e-05
139341,7.605810078332371e-06,3.064892155606009e-05
3155,1.9882293477976256e-05,1.9735208174605822e-05
80222,0.041136768240234205,0.00016443471522720424
1406,0.0002987771149021162,2.6353082840886738e-05
55342,0.00010765733657226354,1.5422040897706292e-05
4543,0.0001615772810313694,3.134570078250415e-05
5799,0.0016070175872566906,1.902256643726673e-05
9166,3.194224257131505e-05,3.7397175229325246e-05
64975,0.00011547456731854084,4.472782876726039e-05
5698,5.819658015477129e-05,4.724413979310682e-05
9950,6.187482653359005e-05,2.9823842493672745e-05
86,0.0009546534659566011,1.622672801745344e-05
23191,0.0005725547933058675,2.4333141099587847e-05
23086,7.340047507875401e-05,1.5675396154907897e-05
7905,1.4922716526485945e-06,1.5044456510676e-05
30851,4.224403004577101e-10,2.568006571853495e-05
2825,3.861821386998701e-07,3.1750189376187054e-05
90060,0.00016760473641576432,1.6007661409454547e-05
1786,1.9763287901923835e-05,1.3849637878735108e-05
81610,0.0002662606687388971,5.214388875481779e-05
5071,0.006711312385246881,3.184521040111716e-05
7726,2.0447116184913525e-06,0.00015225871274357995
3299,0.00015424226495565387,4.5024824482579866e-05
51421,0.0005120311694528412,3.091791635794298e-05
8887,2.668441260423741e-05,1.535181551240655e-05
66037,0.0002524134004381594,4.2543362673378345e-05
30001,0.0007174013576914934,1.4789470592043585e-05
115948,0.00036304807772311796,9.409020733656408e-05
378465,0.04094935539452102,3.646863283481219e-05
284252,0.0008694040225529385,4.434174750728243e-05
8976,0.00039396283986705517,5.642298319756353e-05
83744,1.6470267599536558e-05,0.00010254094328601293
378,4.3607159519954975e-05,0.0001740261937847757
11202,1.1315672892006723e-05,1.7191798717743432e-05
51327,8.106383280678947e-05,0.00024256288858406528
729,2.8451230068628735e-05,2.5042970235237362e-05
5305,0.0005569674413993815,7.032959791306059e-05
57175,2.6347055454701422e-05,4.944099431321364e-05
54457,2.022477934841136e-08,2.54824552552607e-05
29965,0.0004537331247008001,0.00022916904858321995
5309,7.011526969148216e-05,0.00020934407817021513
10550,1.550171258457388e-05,1.844249845102767e-05
166793,9.532064159949718e-05,9.460369000743596e-05
84206,4.6242318652478416e-05,0.0002785309192575439
440138,1.650378808070098e-05,2.051817359317527e-05
84918,0.00011294614548770436,3.043739806856947e-05
50604,0.00043560715221849905,2.1899330583626315e-05
9586,0.0015999516587389873,3.110449821154151e-05
64785,0.0013104279257017653,1.4310472683583308e-05
779,0.0008147940175372958,0.00032411118466946177
10609,0.0004093993530617177,2.801101251044552e-05
8495,0.0003596031079958802,4.003878623073197e-05
134553,0.00015501998784748749,0.00030444778422586573
84733,1.8566686289542578e-05,1.455295483600974e-05
7023,4.0217649094352525e-05,2.0509668379996206e-05
5650,0.00032907401507334313,1.91035580019725e-05
722,2.467634413722423e-05,3.491818718493898e-05
6363,0.0006783469458778032,1.7900751137376268e-05
23162,9.335490977956531e-05,1.723800012171344e-05
7013,0.0010069200030965477,6.815107083572619e-05
7757,0.002810412962889087,3.95655750695886e-05
23054,0.04572181421644953,6.898913174627939e-05
51133,0.0005234116800753688,0.00016412434909184083
1874,0.00020650955009962762,8.306801794235427e-05
140901,3.6295539309787953e-05,2.153602981638462e-05
121268,0.0010457588226868513,7.851654725615714e-05
157922,1.2059496816771593e-05,0.00023925037763138635
55033,2.681384534772453e-05,6.540037658414145e-05
1741,4.295189760608342e-05,0.00025403523482179244
84901,0.00011669629994298925,3.528892641381893e-05
23417,1.051476829495364e-05,2.6127193651404254e-05
6204,5.582200629233396e-06,3.845321473102998e-05
126393,1.3387431553822795e-05,1.8496884071621164e-05
100529067,3.2257412499611354e-08,3.4702887292504486e-05
60436,9.402576708545696e-05,3.296769893154304e-05
51555,0.00016564140052299211,1.53513241144763e-05
51710,9.425185351604464e-06,0.00012507635593965428
5563,4.694929723809237e-05,2.0956749619729883e-05
563,0.00010938376425380063,5.8066528012488654e-05
27231,3.157967811436205e-05,5.747979992518651e-05
6670,4.302842522699477e-06,7.846259393797536e-05
7700,0.0006632788491224101,4.576175180082142e-05
56704,1.4323982224162543e-05,2.410956998822976e-05
57486,0.001784317759407664,4.839388157187652e-05
84695,0.0007071870553671358,2.5551417791802693e-05
6509,0.00014238152285752387,2.6074238241206617e-05
85464,8.32242813421389e-05,7.913845188418232e-05
80746,0.000697286824765009,7.714004697197717e-05
57509,1.0658143882568886e-05,0.00017190574035717734
2033,0.00014871599996304556,7.791168056589076e-05
55501,6.913915518614313e-05,7.340938966894594e-05
223,1.7012480736238285e-05,1.7903048494411772e-05
9228,0.0015999469786567566,0.00010754852572411307
83595,2.5699007743387105e-06,2.3476636863632543e-05
1871,1.604141319864562e-05,1.495575538120614e-05
84140,0.0005418928608023978,8.686554539835304e-05
6241,6.733409454344571e-05,4.56821144080436e-05
4686,0.0002787654650535902,9.188772677204429e-05
84662,6.297561265382745e-07,0.0001226395685679688
11194,5.470796665148971e-07,0.00021915495449541345
10126,9.042612225690503e-05,6.304975662878628e-05
55040,6.497882234781902e-05,4.453835282654351e-05
79733,0.000124048471781175,1.9043334495896643e-05
56751,4.300620194364081e-06,2.52671868281151e-05
1106,0.0009363317197691479,9.736117889968821e-05
114132,0.0007131988194530206,2.300721017278156e-05
80761,0.0001184599420526669,2.125466756648115e-05
79139,0.0003808690912518746,1.79328588222829e-05
56970,2.5075899087168285e-05,6.181087155901621e-05
5138,8.143928959141364e-05,2.9763103255806608e-05
162989,0.0010771530722630683,1.9663899647030705e-05
3557,3.85658733017324e-06,1.4515263491745623e-05
80243,0.0001701359786582321,1.4410033901742598e-05
253143,0.00015920436075046924,1.985783375232957e-05
55329,3.5639090774542228e-06,3.483767572368382e-05
79836,5.493678961835385e-05,2.268656665879824e-05
1973,0.00040567349014887456,1.4242931138399144e-05
10664,5.1024983539387735e-05,4.110565495435784e-05
8503,0.0020345358252605895,7.791666134567407e-05
56654,0.0004076477001409779,5.5773490950972526e-05
38,0.00032049565851581226,2.7471969405640635e-05
9332,4.818847313220825e-05,1.9846871415878627e-05
23262,0.000125800508508687,0.0003660565948148961
1374,1.0058562701510976e-05,5.939053734467463e-05
9855,0.00031184738054904337,3.39858069868671e-05
115024,0.00020348148312786084,1.9963267442779736e-05
7786,9.740374565150555e-06,7.2655354563689e-05
9413,2.989551785927884e-06,2.6363659217914304e-05
90627,0.000277774145276327,7.98045889433527e-05
7278,0.0003723521381176166,1.6671443421735274e-05
51340,0.0019253951146122165,9.00450139529215e-05
64333,0.00048409987269374863,0.00014489481230363653
54700,0.00044187550533956684,1.8791088546990876e-05
91663,2.139993097662371e-05,2.681405487082134e-05
56929,0.001922420428926805,6.64019267445129e-05
940,0.0001466534633517629,3.775886177274524e-05
94101,1.9214798432837832e-07,2.919837802183643e-05
90268,2.74075376491673e-05,0.000641249344019878
1747,1.641390301494379e-05,1.6010449117252866e-05
767,0.0006514280860090963,0.00010318509937039708
84315,0.018531667176966884,2.3069730410238405e-05
79863,1.2345444190066722e-05,5.1922953218033066e-05
64755,0.0008788294969233324,1.4527894921710818e-05
55000,0.0007161965747844044,7.818216454600684e-05
81537,7.799302659999374e-06,9.322408999731497e-05
23414,0.0005687141323462397,0.00010148190695367834
7378,0.00021919300897772464,8.062146199256095e-05
23520,0.0028735835692616767,0.00021735375830760894
5836,0.003552725830160953,4.0986627978703465e-05
2790,0.0007675014252486026,0.00015440340246241925
55742,5.766952874300782e-06,6.866517849880499e-05
10747,8.409805494749766e-05,5.109403809038331e-05
57680,0.00039775127208513416,2.3731100560637386e-05
259232,8.308070890556925e-05,0.0001821361167978676
999,1.7942091215693004e-06,1.4309357802202588e-05
5286,1.8467915560277737e-06,2.7224018552791884e-05
7982,0.0007051399983130556,4.4921944839238084e-05
55502,1.945306729132296e-05,0.00010791116261855154
9971,0.0003328619032565168,0.00022255085648432245
84922,0.07408325902121682,2.9284860927728938e-05
11201,0.0002798789616246648,4.9364012821108464e-05
8013,3.5686204382219246e-06,3.583177227419963e-05
89780,0.000907670875496094,8.97005321524372e-05
205860,0.0007062535896901837,3.4322389687798504e-05
51148,4.082010053766422e-05,5.7677638814106095e-05
784,5.286120459248766e-05,1.8196850386242452e-05
26191,0.002395757696828376,1.68738086993834e-05
26098,0.0016801784853216321,3.1210989259440825e-05
9569,4.5317649333152353e-07,4.5794534378487216e-05
165324,8.582820510400613e-05,0.0001848032859350475
144125,0.0019101874340134832,0.0001009454631922904
57111,0.0008594804377152032,2.465406990692971e-05
946,0.0003018125634756492,8.834513258318493e-05
8924,3.947833592961246e-06,0.00025788316562190647
79993,0.0005303086539246907,5.422851669609182e-05
54935,2.880733694748665e-10,4.055517964900587e-05
5318,0.0001149705356970301,8.049568564682048e-05
4718,0.00013496135047242992,0.0002852429691579064
6935,1.2057391933013808e-06,1.4171004665775382e-05
7305,6.606552366355798e-05,0.00012842539441888196
137196,0.0007139396329075203,4.857261805581979e-05
9846,0.00011152890468584221,1.5269528050271216e-05
8292,2.983503848129357e-05,0.00015464548920363975
22872,0.0028507376410121495,2.178442377784112e-05
56995,8.399572559575718e-06,0.00010919167597200292
252995,0.00023840056263070184,0.0005727180885852203
5099,0.0013775629507965235,2.818695636622074e-05
57190,0.0026216633982322495,3.861717434879812e-05
6041,6.002548407828391e-06,2.935627676523111e-05
7916,0.001092382101483049,3.916203954772009e-05
6934,1.8346997149162327e-05,1.8569421309329466e-05
60385,9.833120730818637e-05,2.5207732284956862e-05
55435,6.224299894380164e-05,1.608745984269726e-05
3741,6.414298944492493e-05,9.975505271470043e-05
3074,2.119830498044989e-05,1.4057953005135142e-05
2206,3.8319828853039815e-05,0.0004197057823221411
11041,0.001180917857623656,4.832369467909907e-05
23512,0.0020108949027467637,4.027486373070784e-05
129880,2.1453643494771553e-05,2.706354219797484e-05
252839,6.227364542367097e-06,0.00010474982759349997
6729,0.00015404825138309883,1.4472591104705063e-05
147525,0.00014625471873721947,2.493455109572467e-05
4297,6.0992463114835185e-06,0.0004782306902932362
7518,0.07691683257891284,7.90992826868976e-05
5128,3.525494942883615e-08,2.1138046590910857e-05
130557,0.0007586746140465839,2.8345547003597895e-05
8480,1.5586132477432517e-05,1.5091996295370736e-05
9478,8.557874497571786e-05,0.00015352193247567534
1237,8.230946838425311e-05,3.125585866178785e-05
79078,1.7844747566344247e-05,1.5212916949974122e-05
131,0.00023819689588744022,0.0004195723167904466
54708,0.0003975950916816559,1.934533740639709e-05
301,0.0011123445904120707,2.9346724180461386e-05
55909,0.00020246957849462657,4.6216248715517195e-05
51160,4.1718207214911824e-05,0.00019330917143656318
200186,0.0006577528841543374,9.495703068225541e-05
55621,0.0002528529127621029,3.517327005434852e-05
5294,0.001780834718701906,1.8864035669159183e-05
4651,0.00041918927701940117,0.000108658034909754
337867,3.190404131294234e-06,4.12656178515316e-05
10097,0.0019178356173648885,5.681690728531271e-05
6464,0.0005275295552925473,0.00025417401963451485
6744,0.00014012725457581104,3.313058098436559e-05
5314,0.00012925937342953708,1.7106882050395622e-05
9765,0.0005645883517691227,2.555202074353297e-05
286887,2.223542260344291e-05,0.00020929026923736916
51286,5.322304884592393e-05,2.517244070347963e-05
3038,0.003096640024661565,2.1360870973633086e-05
8091,1.4886753702867092e-05,1.7694304251858005e-05
6517,9.861597193290253e-05,0.00016996756081522603
51528,0.005117975587445246,0.00017687758925054116
55186,0.0010772204140044404,1.9065405688183694e-05
171425,0.024967657351030532,4.951497211867903e-05
29968,4.3029439180559755e-05,2.3603639731875273e-05
8470,0.0006814363120475844,1.7863777179391048e-05
5467,1.2278961014398129e-05,1.9460847703334354e-05
285343,0.0004230343811211989,0.0004001610792482727
83446,0.0001323011877282838,1.6801702260079763e-05
83481,0.00035487334865157345,3.0380781361346048e-05
118472,0.0005480217350779467,4.728934683505537e-05
1136,2.3746558463263728e-05,1.5825499811502202e-05
7541,1.6178216262845675e-05,4.269096644282981e-05
9443,5.776289008543962e-06,4.4427769888443294e-05
7358,0.0005703518660166437,2.8173916100673754e-05
23504,0.00010806347335121861,3.8170346880186313e-05
3846,2.577611728770348e-05,8.912924390675511e-05
8759,0.0014098792656994604,9.112139923430233e-05
10907,0.0031482864921153365,1.83154077120679e-05
11319,2.9161942679208603e-05,1.6429124482652076e-05
825,7.247095481637671e-05,2.6167934110433727e-05
9117,5.189436002275298e-06,7.408541089148683e-05
11112,7.075314811340451e-06,4.6647777741495984e-05
84287,0.0010989272879475833,0.00014596277120628636
22931,1.79543855829809e-06,6.75141438923853e-05
284338,9.798092760367536e-06,1.4928340686046147e-05
29088,0.0004659095262375936,0.0002083363267221273
10219,0.00022279268258583278,9.813309686003939e-05
80012,3.513687032123113e-05,1.7783767869642917e-05
6790,2.51796054345658e-05,8.765699631239649e-05
580,7.081161044851049e-05,4.232048481838227e-05
8809,0.0010089032179076834,5.49039115319537e-05
6497,3.786750480228749e-05,6.402723184032676e-05
80346,5.582200629233396e-06,0.000506776197802727
3209,0.0001031292399477798,2.167874062177589e-05
7047,4.142634351531383e-05,8.566321184851453e-05
221937,0.0004014240976820332,0.0002351009892855535
57799,0.0003447802807397119,3.0195404218225808e-05
11132,3.4406611295757424e-05,0.00010888334787716212
4301,0.00019609351333913132,1.4506047050914546e-05
5700,0.00014886453793759496,0.00010045186288541536
16534,7.84837830291292e-06,1.5112186786921051e-05
23057,0.00013096446788463,3.188718040987819e-05
28969,1.053061914475722e-05,5.8031911445619784e-05
79698,0.00010654557267907094,2.1948595229804672e-05
9992,2.2809318748460682e-05,5.3229225917408595e-05
6137,4.666816573056676e-05,2.5010270005154512e-05
81563,0.00025814083451252356,2.13573424162834e-05
55814,7.71568025723733e-05,1.5167705839423597e-05
255101,0.00154610457565237,0.00013908315230452261
57551,9.604006736289627e-06,3.2042573483539414e-05
100526767,9.857230345089158e-05,4.6548843914316394e-05
55677,5.990108374505023e-05,3.0298108904837073e-05
10970,6.227364542367097e-06,1.316911811455197e-05
3959,0.0001425134415390364,4.7260800611716366e-05
222643,8.223852785919182e-05,0.00015445578565777908
646214,0.00010268752159557587,3.649317085512679e-05
55291,1.404944029303607e-07,4.544212434196599e-05
25776,9.356364973711646e-05,0.00012731410693697147
5992,0.0004625815313356737,1.5044643756853392e-05
60686,4.651547095218266e-06,1.3951084031052062e-05
84707,0.00027083263195966156,7.584655687468866e-05
2475,8.956793330910013e-05,0.00017874947262505473
467,8.880917816984978e-06,3.263564000014917e-05
81889,1.858357713511993e-05,3.877637497261588e-05
3577,4.2725352537733284e-07,2.3608320777316322e-05
11168,3.4773295825456376e-05,0.00012915661368202068
93661,2.101272055194071e-05,1.9043334495896643e-05
54108,2.7645087625798243e-05,5.7211879537628586e-05
6774,1.7972122348342415e-05,0.0001372327596020265
79882,1.189303138597288e-05,3.6841955198636735e-05
55071,3.5849063799913474e-05,4.144232220363262e-05
373156,4.5761202059274744e-06,3.814864705095441e-05
3815,0.0012493243256387738,1.9454755298279e-05
81555,0.00010488215979589179,1.989821866025049e-05
10944,0.0016228850117310381,0.00015996963739723331
388407,1.5718852454760171e-06,3.061766877249479e-05
4130,0.00017772797243232973,0.00010590652867539103
163227,4.639561778693201e-05,3.0433920954311826e-05
9931,0.0001071776688804246,3.835409955183678e-05
3575,0.06137029295588539,2.8739964726314283e-05
249,0.00020485703556655347,3.967545937710564e-05
22909,2.327393891682901e-06,0.00015971369978428889
23179,0.08141733824162384,1.4647601926413913e-05
84219,7.64441296477016e-06,2.4072523839594314e-05
122060,0.005744446950154097,1.7920010278452763e-05
399665,0.00047934538682767406,3.442863739354084e-05
2768,1.9069291700146116e-06,4.9514972118679026e-05
23654,2.840835475233407e-05,3.3645589964936435e-05
8425,5.687226081019915e-05,2.4881909699327753e-05
2287,0.00023301149348251604,0.0002123680389418427
7030,0.0018905602397323352,4.1187902100194075e-05
79152,0.0002926073427635552,1.435095620544925e-05
286827,1.9581656545955437e-05,1.7201711975752653e-05
6483,2.736961347065136e-08,8.075173389630178e-05
9902,9.395783684274741e-05,9.218284631679448e-05
8600,1.142104577959925e-05,0.00010530257328906798
121274,4.697171521884371e-05,2.9657356695263987e-05
1880,0.0018758983344830517,2.934356098861966e-05
287,4.094406895041603e-06,2.8919563284799618e-05
6608,1.9972829617827066e-06,5.056731352144838e-05
23326,0.002813416558190726,2.1804293891641034e-05
6926,5.596012683447518e-06,2.5856161329732554e-05
4927,3.799963484613235e-08,2.5914052292131382e-05
85479,4.354723226106049e-05,2.62618801665874e-05
56341,0.00046786979132860826,4.1522641532307054e-05
8829,0.0008276368935471323,2.408270276000367e-05
10098,5.002921391490591e-05,4.867849720596618e-05
64147,0.0007629911961216153,2.2824414075371935e-05
5265,6.285469119575863e-06,7.986561281444472e-05
23310,2.095378718419367e-06,1.7635686781022907e-05
26206,1.1752032589907801e-05,0.0002308534594842434
91179,4.544674041907013e-06,9.530211132258761e-05
441521,1.099778614876733e-05,4.428163769151981e-05
29028,1.173787756726424e-06,2.820673033813541e-05
23093,1.024052361187234e-05,2.9725463223787542e-05
2030,9.78569223628578e-05,1.4133171382928807e-05
2346,3.318933760983909e-06,0.0003366114715051514
5329,3.032707835392532e-06,8.436896808067978e-05
6505,0.0002065082962621791,1.6901650891691842e-05
117157,0.0004867327360376091,0.00045780165787356924
939,0.003806312085875036,1.9999254378349374e-05
51109,0.0007220628928909895,7.631936685222381e-05
8835,9.407168271800407e-05,8.328530876395126e-05
11047,0.0010299785260086344,1.6250568076989104e-05
79810,0.0001823883470662651,1.9318346840660105e-05
242,0.044006254389224335,2.2642553946468636e-05
285679,2.9270015508839492e-05,0.00010756495582613606
349565,0.00039522734056460457,0.00043169818736571013
7511,0.0010758185097247965,3.6939291955921475e-05
22881,2.8693288135229124e-06,3.560499134038923e-05
54438,9.515659596483079e-07,5.74548889233104e-05
79017,0.0014989416680566236,1.8069937365405882e-05
2181,0.00026369979278669447,1.7974708611665582e-05
2280,0.00019916741672094105,6.894925117913947e-05
1557,0.00021981600296083339,8.439453030022251e-05
84905,0.0004073746766812497,1.5820099822276802e-05
57662,0.000815135787125354,9.738470423906129e-05
11061,3.893307055077401e-09,1.4332256300746573e-05
8905,5.332665807068903e-06,1.9880582525913397e-05
81579,1.0084965673347993e-05,2.8527279386828068e-05
54552,0.0001369512525698675,2.932665407871644e-05
9652,0.00015349310639978407,0.00011827027471903417
5671,2.63275301446813e-05,1.470905897579383e-05
4009,0.042359181940346366,7.110634471372186e-05
54555,0.004553197956887268,1.454748884334857e-05
79177,0.0003646397942870713,1.5560606389566774e-05
84316,0.06392360128632572,1.861199334403846e-05
5308,8.760710504038503e-06,3.9362755740193726e-05
84986,0.0002340291361013797,1.8562734361134348e-05
5600,5.027083865998017e-06,1.6460765517579165e-05
80328,8.896979816070293e-05,1.5091996295370736e-05
51676,0.000282278071527075,4.7592112250874084e-05
80128,3.4357318525616353e-06,4.578312415747605e-05
55567,0.0017505627571620867,4.554045445634318e-05
9129,0.0001302645711790819,7.353185714004412e-05
3488,0.023482653560173417,0.00010504117291761016
150368,0.0002073722081242852,1.9977496176846675e-05
6202,0.0016966180765284528,0.00019263523047371718
81607,2.78095478729989e-07,7.916724566033918e-05
1653,0.00014773236214144232,8.057016629504906e-05
597,3.185293151198147e-05,1.5595496073916383e-05
3442,6.075732285178725e-06,5.1976649689711065e-05
440295,3.113849287724971e-05,4.3697823275815635e-05
3501,5.004998485613674e-05,0.0001733545721621558
51118,3.1519067804001653e-06,4.999988526468577e-05
5870,0.0005829038115357902,5.3920015607050495e-05
5359,2.63275301446813e-05,7.003458724917068e-05
2138,0.001023057980285618,4.119081342434917e-05
8519,1.1165554523649166e-05,8.562571099531774e-05
337876,1.4318244768532453e-08,0.00018358474705999908
5174,1.2995308461766455e-05,6.0496401108509395e-05
54059,0.0005747794013075266,4.793772133575697e-05
150726,0.04762623509228856,0.00011741160791283077
1859,3.14850336420625e-05,2.9891542076429658e-05
23339,0.00042361400759270224,3.908621316174374e-05
26020,0.0003504864898145936,2.9099637281095273e-05
219927,1.2268117203004932e-05,3.273659085444697e-05
130026,0.0001071776688804246,0.00012312006660056187
126526,5.0880888734585026e-06,4.934779923707953e-05
1200,6.223483707563064e-05,2.400404838827659e-05
54039,0.00104730837943112,1.4520968441548475e-05
9577,7.334701357237875e-07,0.0007068268502746209
6101,4.674248663824623e-06,0.00010322318785051598
5586,0.00040211370730234517,0.0003086125483315168
149708,1.1940168223432234e-06,1.795565343800215e-05
139628,7.500807996117189e-05,8.133809574760921e-05
84898,0.023385403393281323,1.5048851178696847e-05
4534,3.0580370974600926e-06,5.092182020948868e-05
84133,5.024413638849724e-05,8.175687253915397e-05
10321,7.38580044822697e-05,3.8176265972885665e-05
57396,0.00013177940382443727,0.00016396290296369278
348980,0.0001417278063441156,6.09513950437112e-05
4887,0.0010343302166882372,6.759702022871304e-05
283385,0.04215081528299956,6.500435747512334e-05
29844,0.002079415093917176,0.00021732849728240433
3440,7.003805507211612e-05,1.7546487425996837e-05
200081,0.002220365077513894,3.395451272662117e-05
66036,6.839936246685995e-06,3.1509259328973524e-05
22889,0.00041921079164517145,3.4301592090978686e-05
10393,2.2761204503756337e-06,1.4472193231207288e-05
6626,1.805104460826343e-05,5.5066720941316266e-05
2745,3.390664810095438e-05,1.6030449944713514e-05
54776,9.770150392230451e-05,6.755506684971268e-05
4294,0.0001247672094124791,1.4520968441548475e-05
731,0.002860231690496199,0.0004484710108565232
6441,9.265420835137712e-06,1.874234291405025e-05
6367,3.068314656651047e-05,2.1183374783155174e-05
7407,6.116590382439575e-05,3.2307458123339436e-05
3849,6.657701843900968e-07,7.739385918381301e-05
51053,9.400677883666966e-06,0.00025593857966139873
7005,1.5630724344896474e-06,8.78894082036939e-05
4144,2.551201476395134e-07,3.7144838254044386e-05
8518,1.7967520816479504e-06,3.8541005427527e-05
3752,3.973143249633895e-05,1.8391431230165123e-05
2191,4.113397290398522e-06,1.4133171382928807e-05
3346,4.186625507198853e-06,0.00012678254078928012
1803,8.173220605972418e-05,1.9174146721667943e-05
54908,0.0017702208082760842,7.852213535377594e-05
55336,0.0001615499747480863,0.00011020737517773877
4673,2.5969917856397987e-06,3.179071467563625e-05
1401,1.405593237818902e-05,2.330927628555931e-05
23048,0.00011868702354333744,2.189654327684811e-05
728937,2.330227402047452e-05,0.0001608547990161609
115752,3.3093263575259095e-05,0.00018565291260743414
58533,5.806702807486491e-06,1.4767641498624353e-05
10218,0.0004444458529044865,1.771316330270264e-05
54910,8.247206138945629e-06,3.02537842405439e-05
3710,4.4864852410067156e-05,3.134034799788599e-05
3352,3.606863594329041e-07,0.0002140198089932641
10213,0.00012293458147544307,0.00016118010679113168
64400,0.00025258046417073096,0.0003185998547886626
64096,1.4027785342405133e-05,2.8773302255625758e-05
2560,2.8930539935578767e-05,0.00017384240267158296
7276,0.00021353878109719134,1.7959245233000656e-05
10164,9.55473562103697e-05,0.00010922493445845886
55273,1.5577859356026342e-05,1.5237810948011898e-05
6653,6.379078322420633e-05,4.429909273765743e-05
54505,4.6163751054054606e-05,1.774643145932959e-05
79054,0.0003717506149689107,2.1184794752507192e-05
7045,5.92297134219687e-05,9.03920557225472e-05
57456,0.0002862596203005957,0.00010313707981648003
583,0.0001567583362744657,2.301403890909972e-05
23194,0.0003629457853425953,1.765179898195767e-05
83878,5.133624017059561e-06,4.5403925735593494e-05
29916,0.002890627759568759,5.149686286689372e-05
6439,0.001058245220889281,2.828449651250188e-05
6700,0.00014418796095027556,1.527000016819472e-05
2665,3.856616664187091e-05,1.655076398306134e-05
51503,4.102836838995738e-06,4.389229832985988e-05
286749,0.0003210374360226864,1.8788761562068118e-05
11217,0.0002610676315631887,2.4779648659174105e-05
55002,8.581563203255524e-05,7.473343234850814e-05
84941,0.00011383775517233808,1.668559198806387e-05
1261,0.0013138485656853528,4.106407915661878e-05
83986,0.00024293612251202322,3.6600477558733696e-05
402665,3.092266912473152e-05,0.0003864018004779369
3978,0.09019779926221305,9.047951738173774e-05
113451,3.3484635588088996e-05,1.6804520399443085e-05
1800,3.576969615232621e-05,4.062267834485593e-05
161835,0.0007775511741488763,2.3315547710661787e-05
79729,0.0002656064731407543,2.399892260926196e-05
58526,3.6801618813535425e-07,3.844287103523347e-05
65987,9.151295869967292e-06,2.5600902814468887e-05
641518,7.433915305587643e-05,4.99231103341924e-05
55199,1.5366242761675527e-05,3.167039706911146e-05
41,0.00014032939116466424,1.4118858799340713e-05
23065,0.00010877604533465183,1.807955724385584e-05
5498,0.00042375384524002545,2.062388161178042e-05
64753,3.7136078917303985e-05,1.79385338833726e-05
54881,0.001353025088805761,2.2779484442178833e-05
4208,8.699197036632868e-05,2.989249335700271e-05
55813,8.673992456768185e-06,4.3473281051140364e-05
100294162,0.009866218931326122,6.339609803499555e-05
5701,0.00010785784232910025,3.913336090231021e-05
166824,6.42741766891593e-05,0.00019177928652920566
3561,0.00022488725388332653,2.1065418264882726e-05
90011,0.017640585572028158,3.876968201294838e-05
3587,0.00011392011503223361,2.1373199802104888e-05
203522,2.6346416542323723e-05,6.956979392007166e-05
64718,3.8564212977688015e-05,1.9106556631364804e-05
55603,0.0004273104613441479,8.842463988437938e-05
64979,0.00019877498760090576,6.545221510415489e-05
2621,4.6146337424758785e-07,3.407853459680984e-05
4761,0.0001357155745805026,1.5602210884434234e-05
22877,0.000301366274575964,4.141326603574914e-05
7379,0.04666456237907829,6.934035707347239e-05
79441,0.0003457338754613424,7.875819324998182e-05
150921,2.274464688164776e-05,6.868517516231163e-05
53369,9.892082979633536e-07,3.074614023882771e-05
2593,3.869278677254297e-06,5.523946614547504e-05
84330,2.392129877230035e-06,0.0005202051416668084
5023,0.0009148403186244215,1.8146794881753042e-05
826,0.0002381300190449369,5.299615287596931e-05
8528,5.4073799873200095e-06,0.00011648318478312068
2312,0.0006421571393466184,0.00012209926496636514
6558,0.000785467256795888,1.5332465902081456e-05
596,0.002813416558190726,1.4496443009773955e-05
57096,0.00648480816873896,3.148728277967528e-05
333931,0.00023309106738303543,3.0915551782467846e-05
6799,0.00036894915162978195,3.294918342167447e-05
6494,0.0012658717227725528,0.00025175755988645157
3682,4.1403870524641987e-07,1.4171260121992741e-05
8463,0.00013709409579373277,9.132819594083511e-05
56063,0.0003623042888917304,2.9054075720717748e-05
90957,0.0003181121820858314,1.4376940425285652e-05
57405,0.0005071848858113672,0.00041652943512017737
25923,0.0009802963811510212,2.4623985234385447e-05
124056,1.2968297816188863e-05,1.768989170309461e-05
83931,0.0008701608263211394,3.2411518031558505e-05
23219,5.7383373353183536e-05,0.00015441650302167953
9985,1.1304574816905607e-05,6.0466395454068383e-05
342574,0.0005546516328613438,2.3130520562950046e-05
9726,9.66210013944339e-05,4.7312816161290255e-05
112755,2.440807242666976e-05,2.6822282712994862e-05
9536,0.039024507747169083,1.6835335842379365e-05
64145,0.000539964440748106,3.103615084172001e-05
4313,0.0028134165581907263,4.2058338681922266e-05
26548,0.001740245369421347,4.038854639031782e-05
285672,6.994332263680501e-05,1.4108833689289119e-05
6336,0.0003786650894322272,5.1940926248653346e-05
4750,0.001417187540954157,0.00010240236119057808
3512,0.000681451013717619,1.5386400809220182e-05
65109,0.0004907353272790082,1.5063982406724843e-05
4354,0.00012342764734908103,4.1679517577108104e-05
6297,0.0006115214515837755,0.0001680326446521272
220388,0.000992129119445408,8.75841846758002e-05
9588,0.00011933945173602506,3.0987077653667994e-05
55007,2.0375160808559195e-05,0.00013992605415910685
2832,1.9126312462131073e-06,5.7157303906385085e-05
65110,0.0005440910206860252,9.738470423906129e-05
8291,9.881230343386093e-05,9.19973610645738e-05
79090,0.00027670365692197943,4.58963965600987e-05
3192,1.058173997065081e-05,8.649347252446125e-05
7701,0.00113036545501142,0.00011083021201492678
9722,8.357944507224639e-06,2.0271128579644137e-05
6520,8.796341148287991e-06,5.503498593796977e-05
9223,3.485735920715421e-05,9.852564489258184e-05
9933,5.6174163915312396e-05,5.393624276481151e-05
1508,0.0003387960791588866,0.00019828455875575568
9904,7.988202777011242e-06,7.38317536217784e-05
3779,0.0028723281786633384,2.2100383103157347e-05
7429,3.0548012081852034e-06,3.2334387385975395e-05
8739,0.00013842461629614555,3.969410324357271e-05
4437,0.0003981508319413776,1.4558620116243611e-05
23258,0.00018191315632742558,4.538827141384009e-05
688,0.0022532856193738376,1.4787693736860874e-05
487,4.651547095218266e-06,3.1652339246618015e-05
8538,3.205334436960578e-05,0.00019664958918710223
3551,1.4882816631399589e-05,1.7697008219910446e-05
1357,0.0030004620954502577,0.0002872308656306027
23317,0.0017620451292025096,4.525976384554453e-05
2193,6.822007280090461e-05,5.623320246950144e-05
389834,0.0004413489065589446,7.382581542026963e-05
3490,8.43849409767676e-05,0.00014127778267769355
119369,4.847127155151456e-06,0.0005137300010874543
8974,2.1632724059941062e-05,5.09277978030797e-05
11065,1.7487407721394373e-05,1.783170190859601e-05
8941,0.0004185853804135565,2.0109576076763685e-05
55776,8.942964837132913e-06,0.0001413633948203338
9242,1.0563922245385156e-05,0.0001770263761577235
4619,0.00036337189703084384,7.798779136057235e-05
120,0.0005398985662828068,3.401657426489735e-05
51430,0.0026070597885721036,1.536050149780589e-05
3736,8.275719082929091e-05,1.5112186786921051e-05
55423,0.0004724325213756714,2.553886670208876e-05
8647,2.3630113904260416e-05,2.260331981470918e-05
84679,7.567140369736665e-05,3.4810324279369335e-05
8204,0.0001483990478924002,0.0003035929760439918
7718,3.0065597087581073e-06,1.822448001989812e-05
129080,0.0010701742638200853,0.00011347827656732605
9440,0.0004557004878602341,2.7586974791817503e-05
23077,9.844522623786138e-05,2.95490364838317e-05
92259,0.00018569093239673775,2.6242288307579806e-05
291,6.674572647314786e-05,1.762818755479379e-05
9590,4.12669418103813e-06,2.517556598897764e-05
57580,0.00036574742401497665,8.459576293789659e-05
8189,1.3114070517139515e-05,3.227253906022082e-05
64648,0.0020033729241833325,9.520552399540042e-05
729230,1.4331218250713034e-06,1.4681014592037906e-05
7039,5.0630735963600265e-05,1.4027793349685954e-05
5906,0.00010731030981650551,9.348847908511495e-05
10629,0.00019983352434906697,4.4141779413180646e-05
91782,0.001100343883995216,0.00017011987390164822
81669,0.00023935344603579162,0.00010530257328906798
54106,9.194853402283933e-06,3.634809312863877e-05
116496,5.467544033514686e-05,2.3109991279284943e-05
29974,0.00030193528399829366,0.00016635802961407123
84337,0.001011981100789904,1.8283165649050928e-05
153657,8.701435090946613e-05,7.391433466258013e-05
80145,4.369802294091049e-05,5.0006474833210296e-05
10884,0.0011070247837971575,1.9557726711489063e-05
6648,5.701847524467858e-06,2.144801473659148e-05
154810,5.9552390258255835e-05,3.755277903743628e-05
5218,7.43656749048257e-06,3.0214213727714596e-05
5337,5.6110732232639265e-06,2.7625987177920484e-05
388324,2.0472279702873564e-05,7.985610248352545e-05
55178,0.06852140655316483,0.0001312438540512857
55223,6.392730453033572e-05,5.436828879941247e-05
282049,0.0005293240582233567,0.00023069138119606464
4659,0.0007859368108815,5.121068213860582e-05
7295,5.582200629233396e-06,4.686224471049594e-05
92105,0.0018693510759860063,2.5551678439950323e-05
114990,0.00032898240586395086,2.0733937619814695e-05
284697,0.00044086880262230176,7.060604011438338e-05
23567,4.864829130175851e-05,5.4413899607903506e-05
11126,0.001731180617778618,2.2368630135000897e-05
7161,0.0006167442159103763,1.8817459319134186e-05
51427,0.00044074802286158803,0.00011970693334486856
10458,1.859974696077721e-05,0.00010854362355027452
3218,0.00023336142387399866,6.0235753108167186e-05
3208,2.603949232939665e-06,3.0442085998010136e-05
64850,5.582200629233396e-06,9.30768333067215e-05
51078,0.0002523241106020147,2.0405194399497997e-05
1808,0.0002899187982099382,7.68108260589639e-05
3816,2.8917825436805432e-05,1.4655264598133911e-05
55006,0.00020778947596708654,0.00023392544863849035
28990,5.3312069986014245e-05,1.6070678406282374e-05
55831,8.088900812599531e-05,3.194555671942877e-05
1951,0.0008167915306034006,9.702334119990197e-05
10066,0.002779984864263263,8.095307731667607e-05
5531,0.0004750964875361761,6.507017739162096e-05
1544,6.425311010663921e-06,5.3297636314586215e-05
283987,1.024052361187234e-05,1.5988033450597954e-05
4010,0.0005324821273439367,2.506126778666381e-05
5682,0.001111324038361571,6.092006382667566e-05
9261,0.00011581824910225153,5.1116429192339115e-05
50809,7.784240483795689e-05,0.00033004669288053915
4084,1.0709018342598464e-05,3.7749530660993996e-05
84313,0.0013399532089657517,2.093447895571853e-05
6003,5.214694566418367e-05,1.845814873071589e-05
25763,1.302203274068687e-06,3.347890115670687e-05
143098,0.00038269940553422514,2.5866671366158325e-05
445815,8.069846613870876e-05,1.554011264005557e-05
1382,0.009078029622819572,0.00031152494848932
79939,0.00010494946349804562,6.887152023116506e-05
5577,0.00014386663080569087,2.668776545409691e-05
471,0.00016112179401688636,0.00010018286911713184
23028,0.00040734909058334003,1.9043334495896643e-05
29089,5.2190903181336774e-05,0.00018018806203127252
1316,7.486089082902614e-05,3.865098999467832e-05
79661,2.3406371181575574e-05,4.8947008257116044e-05
415116,7.347728012765778e-05,1.750440639659992e-05
3827,4.080740642486062e-06,0.00017730576098360672
5122,3.48625227948491e-06,7.580816469127032e-05
2922,0.00028508005852822757,4.370900966399601e-05
9498,5.945396689105528e-05,1.624968105399646e-05
55243,6.795448262262403e-05,7.670732806026395e-05
10961,0.0004602202949444346,1.6214549559008466e-05
4135,0.000162432515408442,1.9043334495896643e-05
2870,3.896647983465083e-05,0.00010902597220635426
2215,6.869325118978982e-05,3.2188872127936605e-05
6092,1.1851790232178573e-05,1.9043334495896643e-05
55893,2.334845919263457e-08,1.4698614294495956e-05
9564,0.0009194994658884082,2.2261792782677365e-05
57571,0.00013632520669772807,9.037611484509944e-05
128977,0.0009094957531526016,0.0001310987760693657
1054,1.5586132477432517e-05,9.309951057928721e-05
4184,0.00010692351756585197,2.2822076189491693e-05
257397,0.00023916548135685125,1.5091996295370736e-05
10095,4.5841868469393646e-05,3.245722307645547e-05
339201,0.0008815576800785886,3.9503639398256236e-05
84904,0.0009303369589355969,2.93093583046268e-05
2817,0.0005766958782518341,3.065467347944194e-05
598,0.0002454006985422817,1.505986491070542e-05
135250,8.152101403572106e-06,0.0001666893857163963
168544,3.5686204382219246e-06,1.7368961727288224e-05
3702,0.0007079025898726527,1.599550133649493e-05
3448,7.928588000157927e-05,5.075205963231789e-05
27134,6.7743800082431e-05,4.143145473678317e-05
5623,0.00024066524625105152,0.00035308419774691025
5961,0.00016549274915950946,2.267817821330079e-05
54749,0.000206666044548245,1.997853028812715e-05
10642,0.00016631636245444345,0.0001230000243601603
81552,0.0010158793787051232,1.4323333142645396e-05
55177,5.741873191845667e-05,4.881312890653915e-05
39,0.0007797858962366127,1.7401851138002578e-05
54896,5.324936263158754e-05,1.385299437767529e-05
10142,0.0001628235456109789,3.6451957480033925e-05
55140,0.00011909220165950342,4.7591625156986954e-05
26151,0.0001278969871928747,5.744194982087889e-05
51204,0.0004881355252534206,9.872896922656335e-05
10912,2.5974905908010942e-05,5.240135946005255e-05
2550,0.00021871773149758546,0.000395224855082269
117583,2.393602869974504e-06,1.8872939521805167e-05
221981,0.00023810414919652487,2.558224169344287e-05
1513,0.04106902587587382,1.4445584267628709e-05
2355,3.7559805899236724e-06,2.1773541858496427e-05
7019,0.0012007418244984163,3.854545769975591e-05
345757,0.0038719774028187384,0.000392450623088219
1295,0.0002185786337400728,5.892399776421731e-05
9209,1.030746948838719e-05,0.00010100481819321637
1350,6.569825793342769e-07,1.5825499811502202e-05
22976,1.0344170653574256e-06,2.2665856310256065e-05
64761,0.00017437028027042343,1.5295985570974938e-05
56616,9.340373679736509e-06,9.043503793481136e-05
2176,0.00043564945835933115,0.00017936153316425348
6882,4.006945653595791e-05,2.4445810483084902e-05
2774,0.0004040019973351142,4.788677281481461e-05
78999,6.063510618778937e-05,2.3928837539928723e-05
54541,7.772963639183701e-05,1.94614568578954e-05
81631,4.118605830099616e-05,5.426684909647611e-05
3119,3.6021526014455464e-06,0.00011755921467370364
3514,1.1325423311917114e-06,3.245019963563271e-05
152815,0.0005299824630473174,7.861482826391868e-05
5519,3.729144269210167e-05,3.3039957899755935e-05
79568,2.8911760495724854e-05,7.364982507657131e-05
83693,0.00029173581884542094,2.249870025587709e-05
10426,0.0027137672964360825,0.0001224378953489208
3351,0.0006996641365082305,1.728433483526902e-05
7133,6.334229670301837e-05,6.029339420203965e-05
7775,0.06178271528008313,4.327117610196231e-05
51499,2.8775175462479713e-06,2.05188906454959e-05
2896,8.237461884185808e-08,4.221947967792694e-05
5055,4.339191156842136e-07,4.52731259685312e-05
1946,0.00010588229954801389,1.6565786945350126e-05
6451,0.046835207907841535,1.839901374331645e-05
117247,0.0007946546295466667,4.3501198444734985e-05
64376,2.7350684976237735e-06,1.4826894320723339e-05
883,0.00025258046417073096,7.334083711451331e-05
3375,5.918381501638864e-09,0.00018055416913235328
1641,6.193486925606714e-05,1.547202228837224e-05
7871,0.07772410519709583,0.00019816036368710218
1536,0.00023393081181759818,1.9028479904685992e-05
10072,0.00011538019472235235,6.0892331797441104e-05
7799,3.679217715188716e-05,2.0299049116338295e-05
5076,2.0612267561550267e-09,4.318934207738585e-05
85409,1.7468784421298378e-06,1.6381139063842074e-05
8074,0.0003107758034948322,1.5083204782483439e-05
714,1.940255852214672e-06,4.4236886417253666e-05
55193,6.502645369640871e-05,1.4297625573253518e-05
4212,0.0004999640516870309,0.00015734373275965214
5525,4.035010955918448e-05,5.4996106245787355e-05
55713,0.000213973077369389,0.00010278887693205675
25782,5.942066021871787e-05,1.768410916539128e-05
9156,4.976348307072444e-05,5.2783731722078625e-05
23753,9.326935764010967e-06,3.720708577347166e-05
5425,9.48601591450333e-05,2.8965283518210053e-05
6457,2.8357622031232762e-05,1.5920420696185594e-05
79576,0.00043511799491598575,7.1658248519814e-05
3707,0.0010810588652940538,6.63504318278474e-05
10948,1.024052361187234e-05,3.8252348077291056e-05
81493,0.0003056380579680374,4.6039449515341885e-05
5048,5.269853975181008e-06,5.812360869625192e-05
2159,0.03840526071433421,2.7214441772518273e-05
80212,0.00011873349263337782,2.126018285652488e-05
85363,0.0017369437592556938,1.763158226339389e-05
833,8.54467403186393e-05,0.00025844761930761845
2155,0.00010998067622714668,5.835087818896557e-05
2814,0.003346151292010721,3.300686992912899e-05
2906,2.4554586842386415e-05,1.8093366628343117e-05
80208,2.152410407917849e-05,1.6864262726710477e-05
30846,3.0278149026697236e-07,0.00022144375794086175
81792,0.04989348417214004,0.00012825378060691948
23228,4.279508363090611e-05,3.5678453444885664e-05
26525,0.004289985227478241,1.455295483600974e-05
196513,0.001740236330204172,5.8764754659658076e-05
100129791,0.0008434711416225587,6.93213477016233e-05
441519,0.0003928466675778866,0.00031532734278978805
84069,1.9073850577794476e-05,6.388066627693416e-05
130271,5.60459420420754e-06,2.419104855659116e-05
55917,8.37748292579483e-05,1.946614955724489e-05
72,6.978376038515064e-05,2.4605790050149284e-05
79802,7.863042457521381e-05,1.5568702598750397e-05
4591,1.223998367654166e-05,1.4242470150769387e-05
1058,6.615203324958429e-07,1.530702098912233e-05
819,3.022095220270543e-08,1.753533590666422e-05
6423,8.113797083248452e-07,7.154021651889465e-05
144233,0.0009163003911481126,2.2586161442710183e-05
283461,6.245211730531462e-05,5.165204863695311e-05
84630,0.0004526189099487664,2.256565084310366e-05
318,0.0002745672279723115,2.4471273694743196e-05
2782,2.064418507416241e-05,2.4183085936079947e-05
3202,0.0002860783640366495,2.9979025492495768e-05
11170,0.00019732047323468626,5.1403735754220775e-05
6581,2.9250700116076264e-05,8.146328334257196e-05
6757,1.304115078907442e-05,0.00013726881181113396
10249,0.00012452309318316092,1.5091996295370736e-05
8082,0.0007017824421180487,4.340566128615047e-05
482,2.483619768327994e-05,3.047785229190559e-05
5862,0.00046135815892617185,7.086293781335768e-05
3993,6.522761821030725e-06,3.5406942173833424e-05
2695,0.0004231744207516941,0.0002234620288031184
79842,0.0007190545114753884,4.264268349942705e-05
5347,3.184583243609101e-05,3.897182945807321e-05
153561,5.14048190604313e-05,0.00010630316703736404
90441,1.8397825437906496e-06,3.224764742700326e-05
10969,5.126102257922609e-05,3.076184290329685e-05
201514,9.83976582963629e-05,1.7597987312895998e-05
353091,0.00019305361647420905,0.00027694754374248224
54852,6.273629749640397e-05,4.0572055895780074e-05
26164,6.714830764629378e-07,0.00033939594832353064
25873,0.0007413288166882648,0.00011067607332919216
2874,2.45979678049375e-06,1.3778575753748332e-05
6768,6.257806823931723e-05,0.00010457085759905076
282890,0.001382175421830219,1.8481934622130734e-05
3062,0.0003034385308056244,1.64759782299007e-05
10087,7.075314811340451e-06,0.00016519106066422925
4809,8.68213606986073e-07,2.8180113950744824e-05
3087,5.558216733849348e-05,3.747744465835585e-05
9,0.00016208843907859058,1.7923567075387903e-05
116442,1.8612878044285734e-05,1.6784902992925236e-05
58503,2.4598821944361176e-05,3.711626045339089e-05
9812,0.00027375254832674717,2.322964760141673e-05
4255,0.0003500559994276904,1.7612853431757237e-05
9595,0.0016431200402878933,5.972249486839818e-05
8714,2.3018457845022035e-06,4.972777492470766e-05
30000,1.349461535409789e-05,1.4707397608784676e-05
140690,2.995026226223837e-07,8.217749593447972e-05
51256,0.004765458453658353,0.00011482233668708836
92,3.142507055463544e-05,6.164359893100003e-05
7177,0.0015134017458093678,1.4599521388762003e-05
84248,5.198714264705398e-07,5.284833194228457e-05
1996,0.00034911406702326615,4.0244720229562665e-05
7436,5.6071230181823626e-05,5.192798179191782e-05
3104,0.00024421505925637237,8.103971153432044e-05
1052,9.023809825531109e-06,3.400813722398637e-05
1146,7.048686378875935e-06,5.3138502389970945e-05
55885,0.0007696296525360997,2.6989519381986497e-05
9473,1.8171926277537436e-05,5.270998481565235e-05
4267,0.07840662490187383,3.9296702628468494e-05
115650,1.613721971119325e-05,2.6350758540139213e-05
56945,5.377456754139356e-05,2.3507918955994488e-05
149950,1.908238969171223e-05,0.0001769426231122199
4846,0.0004143648022442265,0.00011630001651862504
9340,0.0013264229384909083,2.6688967966738616e-05
56923,0.003358103845819788,2.6780296088254322e-05
11343,7.109458513609013e-06,2.4508552061657005e-05
80221,1.0956918471405918e-05,1.5047415830948161e-05
729238,2.4439944229615992e-05,2.896422808839373e-05
2058,0.0006026150856733678,0.00017931303824927862
79047,1.435302614790211e-05,0.00010993085543385938
3611,6.673239864728302e-07,1.5169219583617326e-05
25855,0.004433958559071999,2.8035435094657573e-05
6100,0.0003613650277117944,1.7704492830932902e-05
7027,4.11144733478712e-06,3.1055645092622535e-05
2307,0.04578664754379707,2.208584767244915e-05
134288,0.0001923563427529875,1.446884360625068e-05
5152,9.279644841244132e-05,0.0002622841353437285
25766,1.5573960593427398e-05,8.401451784720767e-05
6932,0.00033468530107847073,0.000261033158594206
8438,0.001852991861774168,1.4781324018288081e-05
56675,0.000741478582976069,1.828379521498044e-05
10325,0.00024663131648868474,9.926522794041343e-05
6726,0.00021613282822689533,7.24556651838278e-05
101543,0.0004663041672016842,0.0001720092756101192
2888,0.0007058912092541713,1.9726420851432426e-05
10926,4.355348128243278e-05,0.00012059914994574498
728556,2.1178978873406306e-05,2.9272403380797467e-05
9377,2.0347160850050703e-05,7.566927642147217e-05
6258,0.00013138581849739934,5.302964056227324e-05
7975,1.0988014919889916e-06,1.4742002648014175e-05
100125556,0.007164260366057049,8.608426379688288e-05
3570,0.00022437136200669942,1.4231812930535103e-05
10260,1.1722400202354194e-05,0.0004331185758048909
23071,0.00012222821239383155,7.749911108593992e-05
54760,0.000760252209487406,3.704110479459438e-05
6583,0.00011979015490373215,4.592350501522572e-05
51341,0.00025375640048364847,4.167208412992798e-05
8125,0.00014066489996386133,2.4770876592274498e-05
4125,2.257774123486324e-05,0.00010415325056840037
63920,0.0005001092285614046,2.5211357634234543e-05
81858,0.0002170896787424794,3.18499972165812e-05
1959,8.909403023717241e-08,0.00017473782310316397
7783,0.0018753512516733548,4.924887462721527e-05
54763,0.00043604129108262374,1.5929802288616485e-05
80228,0.0001049430935389143,0.0003271927486813362
168667,0.00035859048948096145,4.103460606688135e-05
25841,6.356411161824129e-06,1.6056054142371254e-05
58490,0.00021306818369441947,0.0003378885847097382
5993,5.677776541319072e-05,4.70475558271624e-05
10188,3.55479435889568e-05,3.6974106925871466e-05
26100,1.15027790634124e-05,3.871231271690394e-05
401145,3.970195760149036e-05,4.2792388367794134e-05
57657,3.344654746176532e-05,7.452275925944419e-05
25999,0.036900057117133025,8.311093092497931e-05
631,0.037514498186579925,4.832532511251119e-05
9788,8.327636768628011e-06,7.738252324008989e-05
9635,0.0006023615051160253,1.6696521491251892e-05
85291,1.8112245242362823e-06,7.296405328154553e-05
7764,2.1711958403196364e-07,1.6975781124140928e-05
7572,7.312218128023832e-05,2.7377601421809458e-05
1486,0.00042366617172546664,3.9058355840108496e-05
6820,0.0018345651837226946,2.256263559447168e-05
57586,2.6428622737273327e-05,3.519706734535219e-05
5894,0.0009780491666579983,0.00016902653445065112
7031,0.00043953762563820546,5.511018145892981e-05
4155,8.121452912020905e-06,1.4463981173455406e-05
57560,0.00042109362574828033,5.061550894164229e-05
183,0.014589970948149527,0.00014509128800899564
25900,0.0003663120878821957,4.568238008651642e-05
6868,1.3389274029215603e-06,6.809871695544049e-05
1004,0.0005403906155123055,7.827775704226345e-05
84631,0.006067276599929578,0.00014652877892012812
5270,0.0004278138153468705,0.00012915984812219398
5452,0.0010352136283795074,3.7977416903976245e-05
9274,4.4478293116618424e-05,6.104155363050631e-05
6141,0.0012767475858650608,0.00017007108995033325
6785,0.00030425577459645357,5.4989378596664827e-05
6649,1.9888318933189967e-05,6.173132558996129e-05
55224,0.0009261985986169844,2.3723750932913097e-05
11180,0.0005853517350146651,1.446884360625068e-05
6314,0.0009040213955268437,2.1664643318209807e-05
84545,1.3771482659803025e-05,2.1623165055187992e-05
96626,1.0738967666734607e-05,2.4242512112394113e-05
22863,6.016085477202993e-06,3.576110241846894e-05
3693,6.640054392011365e-07,1.687579902123113e-05
7078,5.419972265123481e-05,3.63849858663493e-05
2169,0.003049936486926289,0.0002569782324294881
6598,0.0003484874538902766,0.0002652943664257094
8481,0.00012813594996304614,5.53091714231078e-05
1662,3.903870156403105e-05,4.895814663302122e-05
3187,7.812329138627253e-05,7.349465126749798e-05
10196,0.0004063851721616605,4.379429501467163e-05
4925,0.00663632967246728,1.4282966107941463e-05
1687,5.4002481668194495e-05,2.0104352726326004e-05
30849,7.603843147854029e-06,5.8765974858430265e-05
87,1.086389366018993e-05,0.00010754487627450859
5606,0.0033194782859246744,4.657700613422454e-05
55869,0.0008232855441005666,1.769412151981988e-05
7003,0.0005057205023941111,8.421809233486931e-05
29880,8.059044168526569e-06,4.389411975840593e-05
387569,0.00028596339950568713,3.29368486422697e-05
5291,0.0016999497447489325,5.769063020119976e-05
54014,0.0006107820556745593,8.938292369491735e-05
2251,0.0006471039819904673,0.0005873208895761926
374403,4.5783138362140544e-05,5.317428901823648e-05
10635,7.480575253988896e-05,9.833308967893952e-05
2295,2.520747743373686e-05,8.249721594547573e-05
3822,5.672333456924588e-05,3.516480519093684e-05
26292,1.1029414316286048e-05,7.172725408579513e-05
3569,1.7325777321384127e-05,0.00016734180437870966
6296,7.980395828825204e-05,2.7455319375476644e-05
23001,1.7115958002319212e-05,0.0001043901278100057
6261,0.0007394042705596016,9.119966529897011e-05
23462,0.0026722306328018602,9.018089237153766e-05
79902,1.1559762768639137e-05,3.0994186297198766e-05
948,0.0006205643748708829,1.724022390773475e-05
8200,0.00028129602619454973,4.236517692104937e-05
1605,0.0017838022244927672,0.000254074144944281
54921,1.0423683361584142e-05,1.8689786494876438e-05
9466,4.8537133213445286e-05,1.4653928451526139e-05
84539,0.0007582882469477815,5.069470850932747e-05
5704,7.30885094946184e-05,1.4692222351478463e-05
8729,5.22618112406509e-06,4.670805584859116e-05
859,7.317574021462815e-05,0.0002545876891898106
2820,2.3771174507363007e-05,5.4006600929921856e-05
51334,0.0003527063606306211,4.948540222412803e-05
8743,0.000697138177086658,1.8302210888907393e-05
3899,3.5270896109228026e-05,2.3013731742127528e-05
4817,0.0023364107936558365,6.301930697082158e-05
146,0.00026491449376874637,1.75594142695341e-05
8140,0.00020815800597549536,2.2016670000367938e-05
51009,0.0007651260870936211,1.5303604436914222e-05
6232,0.000724342166642884,4.306275926326373e-05
509,0.024846681990585973,0.00018597049651826775
942,0.00019897832194545903,5.288160026374355e-05
79444,1.336663015650768e-06,1.8612937145943378e-05
9245,0.0006391061473036387,0.00011030225701855764
56181,7.669315070309207e-06,0.000291856304010959
54101,0.00022807672329317957,4.9401602333188796e-05
50506,4.065615671804674e-06,8.483085549596804e-05
84967,0.0002606027992966917,0.00010686160247643237
255167,0.0009270853503328112,1.7834520464594283e-05
6884,1.3644879606682149e-05,1.4576023864949255e-05
26240,0.0005906652825848195,7.608086652443678e-05
9899,4.891607399385979e-05,3.163711014737906e-05
4824,0.02373078507271197,1.49194602566842e-05
4261,0.0009656009941529375,8.100206143946301e-05
3309,0.0008287602676669563,3.4543657163516744e-05
397,0.00011506791621143363,5.565327454854137e-05
2350,2.6403617859763248e-05,0.0006215317687635113
55755,1.6063195972348977e-05,0.00034643039765935076
11066,0.00011359358887938076,4.3055355231222476e-05
10557,0.0006491321189198554,0.00016674323657147816
9282,0.00014445527874078573,0.00016941212866393036
57670,2.1261501566485046e-05,6.31368017069738e-05
27342,7.756933140598464e-06,2.643007701557361e-05
84220,3.6776212993043106e-06,1.649398196946033e-05
51166,6.938994799334797e-06,2.3379085402104057e-05
5175,8.317416692230397e-05,1.4788524308198442e-05
1968,0.0025530121110740474,3.692423835959001e-05
84970,1.4986823903302169e-05,1.4291014617445622e-05
141,0.00028330148865955175,5.867711999414846e-05
171484,3.580936898687832e-07,1.4455289438150459e-05
9575,0.0009358363063625989,1.7058417535165766e-05
57158,0.0017861324550336557,0.00040365609263027255
1041,0.04428279308304273,0.0001337806133874009
8161,1.406291411516058e-06,7.300534470841089e-05
3096,0.00047943954270479177,7.463587587244957e-05
30834,0.004496506966677119,0.00010277544474421072
285987,0.0008069291203226538,2.9874215953254975e-05
8476,3.5806614284103395e-07,2.234164929894335e-05
256364,0.0011207707181120409,0.00013263611143342496
22828,0.00033170610057565433,1.4507131980642917e-05
23780,0.00040989625149837836,1.7257670420059028e-05
85293,3.483957036676837e-05,5.321762524498583e-05
59271,0.0004152230776558802,1.7669247094626047e-05
3836,0.0015334325461331029,1.5398404885333903e-05
9149,2.8241083917110505e-06,3.462452410291064e-05
22824,4.644286061238657e-06,1.5568064937661386e-05
51409,0.0012207022491019517,7.704544061264086e-05
43,7.078742850425027e-05,0.0002111496503326684
3716,1.0842941963912213e-05,5.450112669741824e-05
5287,0.0002871498006044498,4.540826489167392e-05
5771,1.65721949125363e-05,1.4067378284126777e-05
109,0.004997714038219405,2.527204587879001e-05
172,1.9683167258785673e-05,9.587290981472176e-05
339479,5.582200629233396e-06,2.8402486644960965e-05
118924,1.0215156076036868e-05,9.920969383198829e-05
54981,4.65669677341491e-07,6.598438801707187e-05
124149,0.005583624285902288,1.682176529222132e-05
3751,1.458936831398102e-07,8.924507108465946e-05
27072,0.0004410495744839475,1.4547391143026652e-05
9924,0.004298553731712195,2.276803003550491e-05
4086,3.674749740197534e-05,3.0234562446636844e-05
5376,9.309768197703258e-06,0.0004947329537571437
6344,1.4774204997597305e-05,1.5568064937661386e-05
5552,1.591221555579096e-05,1.6081673548627473e-05
57510,9.87334177516178e-05,1.6633717146437075e-05
7148,1.4875186197227157e-05,0.00020053893179257533
56935,4.705641177698728e-05,6.608843822169958e-05
585,5.6752025106947553e-08,0.00026655680415934826
6419,0.00019135383266506676,1.5775132470468677e-05
9696,4.031663823322043e-06,3.0351197585554463e-05
7464,0.00026679360874638054,0.0004512478203378331
90362,0.00011506791621143363,9.980222654838838e-05
26073,4.377934877129652e-05,2.337176350602271e-05
10211,1.6394332555400199e-06,0.000124332467148913
7862,0.006423398333249322,5.22472921154704e-05
64750,0.00023299380176398886,7.239642783903863e-05
343069,5.2958014500514616e-05,0.00014776080373521996
7099,0.001934616641607971,5.040909184222125e-05
6662,5.002921391490591e-05,0.0002855397293352759
6830,0.0003306849512006654,7.55118979506097e-05
8335,0.0003295357441951187,5.798706070740175e-05
89790,0.0005629820240110376,7.634524361957115e-05
2255,0.00010470372143942325,6.97902317578451e-05
4860,1.557333911500997e-05,1.4879911151798536e-05
286151,0.0004732749380742582,5.468243137392758e-05
140460,0.0012505747653388888,1.9545653933878527e-05
414927,0.00011458141344803834,1.9314038414966336e-05
9529,0.0021772552637855623,1.8719758788523538e-05
10943,0.00043039710376638443,1.9043334495896643e-05
23203,0.00285430986940509,6.84075714594381e-05
7335,0.002472414305428009,1.656938446391795e-05
9570,0.00024157605980590382,0.00014653627327674827
4174,0.03961208998613766,4.825270300181968e-05
26173,3.7849397838900287e-06,4.363688713777812e-05
4747,0.00751606841443163,2.947733803503846e-05
51154,0.0009435504957128444,2.5145594101328348e-05
100132979,1.002273649759163e-05,1.432151488792085e-05
126129,0.00012642564106251478,1.7278026741283544e-05
3113,0.000882723366921678,4.958212358729323e-05
57559,3.3988395584463895e-05,6.603854393237225e-05
51465,2.773073854919206e-08,0.0003153164045823777
3850,0.00021558919765704034,4.729822414070927e-05
3292,0.00020810528408909268,1.500411237118448e-05
6443,0.0006834027238448475,6.080198529302199e-05
128653,1.574654068060992e-05,2.094703704065658e-05
57215,7.062465323512796e-05,2.2792223195693692e-05
1385,0.0001820066820401703,8.589685263204909e-05
6728,0.002813416558190726,1.6842555894271118e-05
1175,2.7469243827098276e-05,0.00024910677766401795
8209,4.815100903270867e-05,0.00021651419312785738
10868,0.00010342758108881342,1.470905897579383e-05
8880,2.962829880681265e-06,3.4224359779113615e-05
10521,1.5838843854072016e-07,5.8201439665939805e-05
389856,0.0003228527732950028,0.00010402147264202918
51548,1.8439892389266909e-06,0.00042528730659697697
2547,0.0006143603849363027,7.763064434899289e-05
4751,1.4634806330780412e-06,0.00011021514391640497
389015,0.0007214145983122312,9.934088374626511e-05
51083,1.9440006426092362e-05,0.000215822754759561
6196,2.4012280082681887e-05,2.3742711798815108e-05
53371,7.213555835756434e-05,9.901481986076048e-05
26578,5.206997376039366e-07,1.527325101214386e-05
218,0.0003106769739768336,2.8820602184772128e-05
3872,2.05141576230353e-05,0.00015277284123678942
3689,9.687753517058049e-05,0.0001985508408031324
57678,8.839494410419399e-05,1.485400838263827e-05
112609,0.00029093780784653566,5.7249435620005814e-05
5977,0.0003317887751513905,0.0003075946905765664
3553,1.047706629855059e-05,0.0007827154073443293
617,7.943831955349976e-05,2.54716665140639e-05
2214,0.0002003833935241536,1.995617909667881e-05
1469,0.00016374036616547663,4.778812765278991e-05
6880,0.002542620419036345,1.455295483600974e-05
148206,0.00033226170932356607,3.7763977559399197e-05
10695,2.1941233850382972e-05,5.0155950171156745e-05
410,4.768365658817722e-05,2.839764561460503e-05
10892,0.00041896609480409323,0.00010008143333805692
4159,2.8843832442094024e-05,0.0002735366139946151
28954,2.924291258383475e-06,6.351667004321954e-05
7083,9.37552219182794e-07,2.1858132531187904e-05
9990,0.00027936618982943805,1.4156249880352134e-05
23017,0.00019027536573286335,7.09947233534147e-05
9399,4.6614558624557695e-05,9.738470423906129e-05
25981,0.04010641486781258,3.50509021063536e-05
56984,0.0005985649695099577,2.3435874065541742e-05
6480,0.0002625769001260972,6.211277774656034e-05
9499,6.666219154443657e-05,2.3504254757442556e-05
286451,1.0483764112624756e-05,1.5970006422002932e-05
7110,0.00026533840942985634,3.30596956469784e-05
4837,0.0009263374966876003,1.5975281587618517e-05
4760,0.0003509152028018279,7.679570105864402e-05
10457,1.1877096597483366e-05,2.708997620297882e-05
22994,1.6278133745442861e-06,1.7716546819585107e-05
11136,1.2397715253414459e-06,2.5044076740993405e-05
10102,0.0004664905205653544,2.4065841740489197e-05
79582,5.4105041813453976e-05,0.0009025063164758212
3856,0.00028196028001036737,1.561020529388042e-05
57685,0.00017726327002101877,6.509863425673241e-05
3316,0.0006904556344835958,1.4761324119955343e-05
2321,0.0001560303714168462,9.946488208833262e-05
147872,1.7325777321384127e-05,1.4728906467028922e-05
22920,0.00033689968022078165,7.079044844964702e-05
5883,0.0008500071411459063,2.516724176071276e-05
4717,0.00013302685948113794,2.6285345447590485e-05
5689,4.594745544878638e-06,6.302154868937107e-05
25998,3.341889111631051e-07,2.1053158441188493e-05
658,0.0002863845355350413,5.6640007272136994e-05
740,1.92092681221138e-05,0.0002716124009199768
79009,6.795345464788312e-05,0.000196593265673072
117144,0.00028141396108483774,6.56906049530897e-05
8683,4.9276735136383795e-05,3.5957083299922754e-05
64342,4.5409069461302166e-07,7.477707834914174e-05
219541,0.0005774913754605158,2.5804487674548834e-05
3728,0.0007685570953736614,3.204722695335306e-05
5241,0.0006179461609062834,1.6979390461351482e-05
9692,1.564687695090799e-07,2.7078144382802362e-05
389741,2.4613085271938094e-06,9.935470419270852e-05
5292,0.0002007093378987506,5.902118701194196e-05
53335,0.001126932444485325,1.5709865613017488e-05
10647,0.04984967675448641,5.474599079359843e-05
7097,2.1254198563251527e-06,2.1936542255997122e-05
55697,1.7249712779188893e-05,5.594256252668703e-05
51361,7.39269512220922e-05,2.360514120161641e-05
84767,0.00010508055754884519,1.9086141012266506e-05
342372,3.892990200654192e-05,1.4425205891754233e-05
126792,0.00048491465402923753,1.792946964846507e-05
57122,1.3135633346017375e-06,1.6590054644196647e-05
122704,0.0005253762297437427,2.6730917694274037e-05
10612,1.2148957127781487e-05,1.528403048871023e-05
11145,5.25436569144684e-05,2.5374106525840725e-05
3761,0.0002163984350466271,1.5605912480168353e-05
8807,0.0005842755845149034,0.0002236079508524771
51108,0.0007987297634396923,2.0143308934063298e-05
115572,0.0008852476257826358,5.4707346469251506e-05
121457,1.644850454023022e-05,6.244820874528437e-05
643314,9.391122323926072e-05,1.49194602566842e-05
4082,1.1537085831432585e-05,2.881542862421194e-05
7784,1.8956513801933783e-07,2.5870640613787486e-05
57690,2.2940041633345857e-05,5.976932985228433e-05
3263,0.0006584024228103849,3.1643520339660555e-05
22919,4.3812734582548205e-06,1.7397247685320458e-05
9628,0.000960393748909429,6.520613116976636e-05
4223,0.0005968987269759846,1.7428499551274102e-05
114785,2.2670682694114248e-05,9.947455925190634e-05
79050,1.9199641474369076e-05,2.7097123380032036e-05
151516,0.0004455428043563015,3.4829216869971805e-05
3073,0.00025258046417073096,2.95960364934229e-05
56652,0.0003063628370155081,6.828250563336724e-05
8498,0.00013608792795387147,0.0001240875815468098
23223,0.0005104358576956851,3.376204783470388e-05
577,2.682590876737737e-05,1.4904262252014413e-05
5834,0.045644027118433496,6.008790557784119e-05
378708,0.003387019497124966,0.00015812939390058513
4879,5.695763315437776e-06,0.00037242203287789314
1856,0.0014223552194941565,1.535864978821743e-05
30008,2.8908397724308143e-07,2.631534455111827e-05
1757,1.2705763722192068e-05,1.805385700219705e-05
4671,0.0005470204642823752,4.201233527494919e-05
6002,4.2889613290406946e-05,7.955204468743237e-05
142678,4.056066765055549e-05,0.00032325561377753693
80199,1.211831424326338e-05,1.602807856530975e-05
10878,3.3094844622553144e-05,1.9139076415977073e-05
1179,0.00034681945607287733,2.6378537170277464e-05
29946,0.00040340071896213635,1.8356242039013945e-05
774,1.0706964398600263e-05,9.496250067381459e-05
27336,0.06730118520544973,3.799857318093112e-05
10959,8.592024317315351e-06,0.0001414026836727651
54939,2.1313661450931182e-05,0.00015232292392949436
84872,0.0011098963200938032,8.378268211165434e-05
56301,0.0010485459068641642,1.458812294818714e-05
10449,9.545928103393181e-05,1.728129906255147e-05
8986,9.245636936968113e-05,1.8391723770183327e-05
84946,5.982672138047722e-05,6.570819556420887e-05
143,1.983383841633702e-07,1.4906911025691691e-05
55304,1.5876778081190683e-05,0.00018032659871374183
25970,4.35097581776624e-05,4.232467230845895e-05
7461,9.725848841741587e-05,2.4264942147932238e-05
1777,1.6468341415657405e-05,1.4672404591547842e-05
9476,0.0005300584887549208,7.017635815640408e-05
5047,5.996497394539798e-05,1.455295483600974e-05
8886,0.0012144115631333148,1.621557845315642e-05
84173,1.8101924457095715e-05,3.6610989298224494e-05
7443,5.1773139684310966e-05,6.956075366229345e-05
2960,2.2332419498036943e-05,1.799363484213472e-05
4880,0.003257477732796438,0.00021275410242513676
254887,0.00022310962053996109,2.292394421266925e-05
10670,0.0009112788948976756,1.4589761816302831e-05
23131,0.00018350992149542865,0.00016995108152257789
5196,0.0001634484558249783,1.4994477200762754e-05
3226,0.00028197387567648096,3.676318993971752e-05
973,2.6920473867364913e-05,8.493938676873441e-05
54869,0.0003574794444647126,3.1696145696315184e-05
93107,0.000854594483245752,2.005959968118099e-05
10914,4.0086166729172456e-05,1.9157283772803714e-05
515,5.582200629233396e-06,1.776060873820854e-05
843,5.451848984647832e-06,2.6103126415775594e-05
2679,6.327577862112383e-05,4.851374840358372e-05
79581,8.706923421651152e-06,1.5033618674568737e-05
51529,0.004554331969578872,1.9043334495896643e-05
160,0.002366200194235446,0.00016267405737902817
988,8.214461958955054e-05,3.299159327963655e-05
10863,0.00013531541916043932,0.0004774979415266874
11197,5.789786604680661e-07,5.289013190435429e-05
26148,1.8171375727184123e-05,2.667219149114248e-05
5284,1.9509657696656443e-05,5.050634772776432e-05
124637,0.0007540316522600886,3.703443161711924e-05
6804,0.00018684637071892876,2.0146411953907076e-05
221718,0.0006207394279828558,2.269449195675333e-05
5790,0.002813416558190726,2.6886639642457077e-05
90070,0.0013723269133763412,4.755860786215885e-05
765,5.260427022162486e-08,4.5838177634003166e-05
11001,3.7172470488956664e-06,0.00034534804694365674
5648,0.0017691534335042439,1.7477381498549035e-05
5596,1.7955562212078754e-06,8.088106327405631e-05
10488,0.0008419920269713417,0.00020251782148560145
22803,0.0020814623191205725,6.492165963564153e-05
54806,0.00012508019942547149,5.600038374219774e-05
3613,1.3495642416886213e-05,2.0279853192010565e-05
11172,2.5749216704707578e-06,3.002156189083822e-05
79831,9.360535989579646e-05,6.477144721024436e-05
65083,3.693497501181791e-05,5.799469911767892e-05
7272,0.0010051257377267561,2.0575824254922954e-05
79574,1.11222399904733e-05,9.377367371485007e-05
114625,3.280269065131908e-05,3.0446997151398344e-05
7273,0.00012331292313088054,2.7063598949330472e-05
11215,2.8245690052671452e-05,1.9043334495896643e-05
84656,1.914709340882191e-05,3.2130423437748514e-05
728358,2.495310929902985e-05,2.5809707787507534e-05
7021,0.0005411553146929193,0.00013002737831560587
9830,0.00016021499965990666,1.593743982157929e-05
23387,3.069177468101221e-08,7.23053617246984e-05
3269,2.7695906287036654e-05,4.584899322439431e-05
4100,0.00039369901574345327,1.636779933723679e-05
55786,5.582200629233396e-06,1.4744821888776578e-05
23398,0.00018801160510993595,6.637438838034507e-05
85302,0.001299882635538045,8.017190572735087e-05
844,0.00029181893849546266,3.9941171301022476e-05
7392,6.338216039422648e-06,6.635297521569599e-05
346562,9.129520915215431e-05,9.56942070428016e-05
5995,0.001124041635260755,9.738470423906129e-05
8536,4.3216977989057814e-05,2.1064951693274968e-05
54958,0.0016072264160686322,1.4880956976397113e-05
493861,6.28780455798311e-05,0.00013014318623368867
3237,9.664794000204423e-05,3.983265559817144e-05
83448,1.507807236234902e-05,8.976383900542532e-05
55505,0.0004317409458662995,3.285873677695526e-05
26051,0.0004153978202962905,5.955945181844456e-05
22850,4.960200535874986e-07,1.547009118141284e-05
6165,2.2197237572526472e-05,1.571268597036021e-05
957,5.122759412402057e-05,9.217702817699521e-05
2254,7.489495124954251e-06,6.233898048658744e-05
9802,4.1663040184081056e-05,0.00015700867158534385
29115,0.0001435676335391651,2.2722198030246207e-05
8556,0.00011545860777840922,6.323390354139831e-05
53944,3.5468696029263103e-07,3.4526727902447947e-05
26166,0.0395759891265391,2.7743082697907585e-05
200504,8.177847752747269e-06,3.1577014025862095e-05
245806,6.303778717555305e-05,2.997341863447598e-05
10744,0.000106384297649613,5.1029724764983674e-05
146956,1.069632537687426e-06,9.48455681442088e-05
3425,7.650223983418306e-06,2.5447363934992337e-05
5872,3.693689194503656e-05,2.147404344353528e-05
815,8.964135952399658e-05,4.365230838172634e-05
126282,5.508850054840034e-05,1.9043334495896643e-05
3756,0.0001283177066755861,4.1367217786041146e-05
8737,2.980394222179918e-06,0.0002327845274696196
3050,1.0056055734211139e-05,0.0004288284325932785
10661,6.364550630449393e-05,1.4447170393206093e-05
8036,0.0001420601715885823,3.427101204571028e-05
10483,0.0010134842701796053,5.011693380727064e-05
51617,3.1369221254273214e-06,1.2670401592925099e-05
51297,4.461435607245623e-06,0.00012568535834075992
1003,0.0003247416549459954,2.2537716705660448e-05
57048,0.0017910523990080224,5.075195835463195e-05
8187,0.0022132836151530335,0.0001302454525893972
340481,4.3339346755912395e-05,2.0606177290044664e-05
189,0.0007032691622143192,2.53416135336692e-05
9172,8.237442856650981e-06,4.929298945689956e-05
83394,3.700042844660359e-05,1.4885081151045723e-05
121504,0.00011635988010034964,2.9129026773496596e-05
79869,1.525721148819741e-06,1.474801668172099e-05
269,0.002883101774171812,1.8423748094773164e-05
1069,0.001057587779873363,6.851731285080354e-05
23174,0.009654418092089445,4.8729457347775774e-05
56147,0.00031381185217113297,3.3003227298641906e-05
6356,0.00027674812123946107,1.4452755094791201e-05
10163,0.002831095948230969,3.566777365941197e-05
9709,0.0008624924476777408,4.702185475515138e-05
522,2.5483919179868192e-05,1.8274767155181484e-05
26589,4.172358069840731e-05,3.037097709641785e-05
84107,0.04635266224569943,0.00044884777265499423
90525,4.5515982683624393e-07,2.2089202489862627e-05
10576,0.00041339638928690486,2.027729256838371e-05
11124,0.0011343060900595354,3.032009246067515e-05
3251,0.0004999471576765601,3.594349521305277e-05
6198,0.001239467667186822,6.568762151935635e-05
8557,0.0001755060381375927,3.6444053186008114e-05
9452,2.661175703434307e-06,4.583741219048933e-05
10965,0.0009527928136681799,3.575959612060227e-05
83463,2.319300043084934e-05,1.4790929424787084e-05
8790,6.917277090479705e-05,2.982096069593781e-05
55577,3.848237274794163e-07,0.00039377501161713533
266743,0.0008563580713157886,0.00015743932529929534
85027,5.728342627164971e-05,3.3606525469865445e-05
6364,4.720433570584652e-06,7.35605838533362e-05
134391,0.0005443323657268025,9.945766383546725e-05
54221,0.0013163004867784048,7.214547772212238e-05
200734,3.155871764165719e-05,2.9410522541107167e-05
7991,0.00037355729764364335,2.0727443848294496e-05
7257,0.0018744039529613567,1.4943233779915762e-05
474168,0.0021931991594765954,0.0001926758873021134
64430,4.235377989749604e-05,3.5293929719879055e-05
56252,2.0162893385583574e-05,5.633137181784156e-05
7180,3.985565125930252e-05,8.721041800221703e-05
8514,0.001128960156018469,3.431780597158085e-05
10014,0.014018184255307048,0.00010534215451003497
335,0.0005139186253041667,3.632545037461188e-05
23237,0.00044976249264118396,3.073574039555805e-05
607,0.0004886196678641476,1.8616767705086218e-05
55147,7.999144739047584e-05,0.00019978585321642295
153222,0.00044955875313455317,0.00010954501608921157
602,0.0006934684834887091,0.00023940323838823936
131118,0.00022873097531030375,9.898337040034249e-05
23420,7.897209233596287e-05,5.9186749611651735e-05
29035,0.022766731965090013,0.0002742133232193203
90102,0.0003680571165959619,0.00014897441061056656
1665,0.0010674725098041486,6.504082046215553e-05
55311,8.909891654645631e-07,2.2811707941540926e-05
80017,4.408067421362708e-05,0.00011991297334073098
92595,5.798334578591238e-07,1.880467109109277e-05
118932,0.001068853782890681,9.738470423906129e-05
9363,0.0001469888195984031,1.7973116463923285e-05
6478,0.00105830504187655,0.00026391402090847566
4548,5.7006652621882475e-05,2.329571280968674e-05
134218,6.347044457465872e-06,1.4932481734028413e-05
10713,2.623514531233635e-05,2.9763651849611275e-05
140809,5.893329042484582e-06,0.00012949746579605462
129868,5.989267842519881e-07,3.1764967526978e-05
1032,6.448194164491354e-06,7.849580137289316e-05
84809,0.0002824889930854495,0.00014024958566781842
60672,6.260565950596481e-05,2.174694396842871e-05
6695,0.02449317078572612,0.0002615336415119889
4763,2.408626650333062e-06,1.4102141227740546e-05
333926,0.00033841069191708226,1.8684546629534225e-05
348487,1.9730458642024318e-05,1.730789944793769e-05
6291,0.0005293769320679272,6.910284716057132e-05
7342,0.004965762786357257,0.00019187493892677712
3386,0.00015336444813440653,8.968813669859461e-05
3785,0.07271107783213507,6.959961223598452e-05
9921,2.3406371181575574e-05,1.561725902897774e-05
587,0.0420529514496094,2.12980896004685e-05
25960,0.00016262231554370435,7.358953492644875e-05
7224,0.0019101167240754492,0.00012768850372003374
2274,0.00048567608406280467,9.731506818003644e-05
4172,8.492052849115066e-06,3.632323834577089e-05
348303,0.0002851093658288165,0.00016265426155414277
26511,0.0011493399776905723,3.42110367405641e-05
27115,4.4425080672473454e-06,0.00015479960456549172
6782,1.4432765463838872e-05,0.0001300890891512956
6523,0.00021943263140271365,0.00011124643879724325
11341,3.945063306006138e-05,3.7807810399409524e-05
8815,6.554281467124689e-05,0.00018456120285603738
9181,1.8346997149162327e-05,0.00017817837675101458
5738,0.0028669530118732916,3.69340467556343e-05
26013,8.736497102447923e-07,1.4811669507301443e-05
163126,4.65804126259458e-06,5.4818581576465306e-05
51264,2.5089096751639286e-05,1.5124391151445892e-05
64343,5.597436726959003e-07,4.167651032338225e-05
114898,0.0015075106473052054,1.628936905353495e-05
64582,0.00029629760853029993,2.9652009235436533e-05
6161,2.177406099463619e-05,4.232862546100424e-05
4319,3.94652605339175e-06,9.517558199471059e-05
5340,0.000659038802284857,1.630733434561838e-05
64431,2.906281210793806e-05,2.5954450107693626e-05
2308,0.0008535145765043245,5.6535370027039743e-05
10169,1.3495642416886213e-05,7.689827206595865e-05
94115,6.7879398225347765e-06,4.4519909329781265e-05
581,3.862765043126237e-05,0.00048553342976195174
55204,5.048574844932795e-05,1.385299437767529e-05
55578,4.650327248614839e-06,0.0014154371494433657
161829,2.0154438890383927e-06,2.4038346879096687e-05
2764,0.00018363017562019645,0.00021987333572198348
51184,4.157870340753322e-05,9.086943699003789e-05
27098,5.648314704780589e-06,3.871389853791431e-05
23313,0.0004538198822868176,5.253409496370609e-05
8726,1.1636855635552072e-05,0.00010686596074025448
3029,0.0003943998452475753,1.4811799696375051e-05
253980,1.3722028486814602e-06,2.0309624427011777e-05
1977,0.0004723765036895109,1.6771288949637674e-05
8945,3.1921423624792305e-08,7.229137708659504e-05
133418,0.00014889422255614975,0.00012210534918505192
79649,7.487920615032693e-06,1.5271247011670375e-05
65266,0.000796727569373209,1.4932289887200889e-05
642,5.941565136378741e-05,0.0001435117374607957
192670,0.00027330217223616414,1.604472908012559e-05
5090,0.0019641966592718243,1.3782542247693376e-05
523,2.7271772306063577e-05,9.890358917698695e-05
8940,2.017764420774252e-06,1.6376674125801012e-05
80013,0.00010520897739143089,8.573255443425816e-05
84309,1.240313916250437e-07,4.501015017900335e-05
11177,6.565832949659817e-05,2.0681913577898076e-05
338,0.00029435420171112174,2.0178168649950486e-05
79443,0.00022459947720977245,6.704811682815773e-05
1522,0.002529758092565747,5.442166241192918e-05
10436,8.208231537650408e-06,9.337010208437888e-05
9871,0.0001338014366206935,1.547009118141284e-05
55284,0.0004109741125520456,2.5441151049434146e-05
54933,0.0003146603436795299,5.190605149786123e-05
79792,0.0028856846944540866,7.784517452298066e-05
2581,0.00010952623728854855,1.5318168990464395e-05
79674,5.3161778908555006e-05,1.490988376417993e-05
7388,7.679097046272464e-05,1.664865140885304e-05
64170,1.664097834327029e-06,2.1230314929445347e-05
3913,0.0004529990160869016,2.5986265224238505e-05
25893,0.00017075528326655502,4.455096499819981e-05
2686,0.0003985530933944788,2.557720348252214e-05
283643,0.0006551423161268999,8.023130274364317e-05
5126,0.060029039832283505,1.524329954025009e-05
28815,1.507807236234902e-05,4.114479420959042e-05
2140,1.68377848864575e-05,5.0807066480336545e-05
158,2.1107601919463362e-05,7.232177866006652e-05
284996,0.0004845648462083923,4.838219988888879e-05
23221,3.3993303745442086e-05,5.6473839906514014e-05
55658,7.910488871664743e-05,5.208747170924779e-05
29887,1.4986823903302169e-05,4.942674891521609e-05
6867,6.356533017621771e-05,0.0001232084423008645
29102,2.134342959310173e-09,1.4887082802385157e-05
55166,0.0008887942667722746,1.3100262812186096e-05
4904,0.00019168237721701225,2.8608227557060297e-05
116369,0.0002940724529353918,7.855760266210371e-05
7532,0.04842672323836988,1.6953579586389555e-05
51665,0.000197952889507708,3.882504813025029e-05
286480,0.000517385581247635,5.3621386141694724e-05
5509,0.000905342039839721,3.63516002575661e-05
2674,0.0007756364555023847,5.4104797407596106e-05
1861,0.00010199370287308407,3.6548348950306106e-05
5985,0.0004540597190473587,2.2356715648892564e-05
1961,4.912486128724285e-06,0.00010941866657698557
23428,3.0339875867334222e-05,4.652459009063073e-05
1265,0.00024243498489789287,0.0001299876121877968
2785,0.0003638108709484411,5.557736988269371e-05
26040,6.494056602787231e-06,1.7020260729292177e-05
9679,0.0002465826338839377,2.1090415060169184e-05
6829,0.0005019165144024231,4.272965561028214e-05
283768,0.000304916363147725,2.7282473154279345e-05
7079,7.153153394832855e-05,2.530330621422646e-05
79643,1.2374391579079726e-05,0.00011992530812149432
187,1.322944418220554e-07,8.317238487649425e-05
5202,0.0001826227296485096,0.0004116572513012502
1749,0.001658466234691972,1.5138785905294188e-05
283160,4.623140154386728e-06,2.427196141022695e-05
55288,8.64789615874194e-05,0.0001370377749740791
8317,0.03322493344798305,2.343237506471891e-05
744,0.025272126422740515,6.709315686147343e-05
153527,0.0003260527971168083,1.636779933723679e-05
57116,0.00015943599309773814,1.5568064937661386e-05
9145,3.0009213823208458e-05,4.6035496971002506e-05
4514,0.0003753564341400704,0.0002252371849044872
286,6.452112705574218e-05,2.114348859259019e-05
79853,1.3334099738879251e-05,0.0005296519034840026
85450,3.092756094453497e-05,3.901556357081283e-05
63897,0.0002538900634283248,3.599200480601609e-05
151613,0.042968664152128015,0.00025636113539532937
23480,9.177929415191462e-05,9.873443534023262e-05
9744,8.739471593516429e-05,7.541479682158288e-05
54955,0.0005130086188003687,0.00027451098842540825
54906,0.00021184527965253754,7.770335737581264e-05
3363,1.648356141061306e-06,2.8544435512819245e-05
60314,4.7356865941028124e-05,4.327992243885689e-05
8869,0.00014162554380039446,0.0001263966212716093
8408,0.0003693833528625591,2.966159646953047e-05
5625,2.896650091185964e-05,2.6927151355055298e-05
56957,0.0021337889795344134,8.302259206236384e-05
5996,0.0007817913072798832,9.85007546222883e-05
29959,9.902292272507785e-05,1.4712351581222822e-05
8932,0.0048336065225405836,0.00016875097801342224
25904,0.0007581602635556576,0.00011538018160229975
251,0.0004902414450645502,3.455332232301298e-05
5163,0.0004410928132454543,4.014083134280197e-05
6320,0.0010549195895122598,1.8404443751826865e-05
4598,0.024734683382736374,8.58167362047412e-05
4863,1.4383021492699667e-05,6.591202957860273e-05
64866,0.00012587109114278353,0.00010378944110645168
54960,0.001746982945238086,1.4891513604100222e-05
5373,0.0003368642013439052,9.915111641734382e-05
8131,7.848981523429111e-06,0.0002122777962897898
9969,9.827056842069564e-08,0.0006656669957758033
2998,4.346110643329931e-06,5.1578017486921416e-05
5797,4.218263735995822e-05,4.021340302434862e-05
8412,0.0007210321136069855,3.677780390547243e-05
374,0.00028276856290090956,4.4549114979680335e-05
9014,0.02041669584538734,5.801660601083222e-05
83439,4.0728396376704095e-06,5.813086620869755e-05
215,0.0001904930763874243,1.4280285402244532e-05
27237,0.002813416558190726,1.4271182430968233e-05
10994,0.00012827714421328768,7.02213764862907e-05
143244,0.00018449988896136288,0.0003314845313344023
558,0.0013596851277622622,2.4597360590895896e-05
2091,1.0821245328931045e-07,4.605406757152739e-05
57730,3.919466319715512e-05,3.599538183637743e-05
9208,5.808593445791703e-05,0.00017322735901297077
972,8.769358883217415e-06,1.550294708060737e-05
55778,0.0006639098562141134,0.00014724769409036158
11167,2.2503763291152034e-07,5.3951404375998485e-05
116986,1.8716272907830345e-05,5.8643279670551475e-05
79033,2.801560834371641e-06,7.028761470980338e-05
153769,0.006331054758366949,0.00031407593391035127
84992,4.972505637782533e-06,0.0001653785272149912
6449,0.0004535032263540291,2.332611453309277e-05
3581,0.0002178687906329176,0.00011578397859482093
79866,6.990785551755227e-05,9.348610518959943e-05
1314,7.75352780009935e-06,5.175197958645204e-05
824,2.746778417299175e-07,2.9788107529924425e-05
200845,0.00030910101140265393,0.00014803945729357539
5565,5.3572337148284756e-05,0.0008906967500507817
3008,4.627279638660293e-06,1.3747563033926804e-05
23390,4.518934655180014e-06,0.0002150788668856307
6347,0.0005290926782743162,6.926970466624498e-05
346288,0.0003274897224286421,3.3838405430978995e-05
5004,0.0007927748597110674,2.8159466075463718e-05
4868,0.00017773526267368404,3.8331961688342556e-05
3695,0.005781230141273796,1.9698959084269814e-05
55153,5.320486719662768e-05,0.00018137442629220644
4211,3.2014395376362626e-05,3.558679424145344e-05
26031,0.00046492736741462446,0.00023038746477346307
64006,0.0003781199763053915,1.4547121811698208e-05
11334,0.0006066179977578054,5.91809171756361e-05
6300,0.00011870947667573924,1.4932289887200889e-05
23161,0.0004531552362377254,3.695225116342103e-05
117155,0.0010111580001354108,2.661480402426642e-05
55957,0.003961500194228651,0.00020321770835705588
4646,0.0005316926426725322,2.0654422745609056e-05
4108,3.264436589046912e-05,2.1374265069422347e-05
9337,0.0029251274844239294,1.7988208166889943e-05
51021,0.0011057365786197014,1.4698644584366604e-05
3320,0.00011083548626938605,5.8512260555583116e-05
4593,4.501097797236631e-05,1.693280559460855e-05
10076,0.0006468032023869654,4.2746584520166156e-05
9497,0.00032321305371152767,1.687059982888524e-05
23063,2.2246833915358405e-05,0.00011517331584321797
7286,3.5783461123909374e-05,4.095855683989184e-05
283208,8.474706059202236e-05,7.939120141190625e-05
222658,0.0004455278225247444,1.680549267924859e-05
90204,7.219814151771418e-05,2.6941006508885853e-05
963,0.002676282675333041,1.3784523578478322e-05
51631,1.894807279692554e-05,1.787797861958075e-05
9263,0.0002633212220042457,4.479985581693018e-05
408050,6.8031537676272246e-06,1.6571070449871527e-05
29889,1.357064569650399e-05,1.5001182780555198e-05
3458,3.191939592937889e-05,5.066576025451944e-05
7547,0.0012594073958174707,2.2246844005632958e-05
100288797,3.064288289501576e-05,0.00013486337562222095
50943,0.00014053150219839526,3.9706283129946695e-05
23032,0.005651852507036978,5.1211990437949295e-05
6348,0.0006962484970269828,3.233229962446043e-05
8878,1.2893833332791655e-07,0.0009045419868873568
5001,0.0005577764336632269,0.00010459596160701427
58491,9.513985881921549e-05,3.728498143823353e-05
1326,0.0010027382595641367,7.767556163987381e-05
4985,0.0004157835584088894,4.848736919690338e-05
1719,1.6366638845872455e-05,2.683432141541921e-05
59269,4.992731606828052e-06,3.6186579862258526e-05
405,1.1537085831432585e-05,4.141645308751198e-05
60,0.00018715876895016023,0.00022125962431038886
9705,0.0003098046320432957,0.0001959937319841643
5087,6.2204551019738e-05,0.000216938514760309
8352,0.0005110433152700466,5.0014469211463234e-05
6553,1.8629688438531857e-06,1.82910218744437e-05
40,0.00018715392840150868,0.00011643400775722768
199870,3.8032430112047484e-05,8.99134744098984e-05
5228,8.237442856650981e-06,3.228493216626701e-05
11018,0.05149925667027217,3.797194176081261e-05
84078,3.453129371818233e-05,3.1843178927012814e-05
83461,0.001597461912179955,5.190768348122683e-05
3184,2.1846462950175368e-05,4.0690777366352704e-05
29094,5.582200629233396e-06,5.9699383014454665e-05
1608,0.0013535344871042961,0.00012818675082079155
29074,0.0004745644418839162,6.481716444777884e-05
55030,3.896647983465083e-05,6.991096588304073e-05
90834,1.0153748174533174e-05,2.5707026793873784e-05
823,6.243720961729239e-06,0.0002345121691849025
117166,3.431046268839018e-06,3.357557849168657e-05
4938,0.00021302262726283073,6.998897623228606e-05
115703,0.0005230347456179863,1.5311178971951127e-05
10464,0.0002526248098928138,1.7971811052196213e-05
3189,0.00661075288642733,2.9166515295773206e-05
84034,0.04651461738030005,0.00010298053241055037
360,0.0003212809452291398,2.194565169603357e-05
6535,7.426515710663867e-05,4.8603884416244974e-05
6745,0.00019880414621032622,1.4106605530159697e-05
155060,4.365960416553479e-06,6.617371444852677e-05
2909,1.055209347437702e-07,2.9251627250594816e-05
5445,0.00023269380056628104,4.635348366042464e-05
54469,6.952117657545576e-05,2.2570083297919217e-05
284307,3.697077216736769e-05,9.755211347451965e-05
255043,4.410480317751073e-05,0.00025885673330526776
5510,0.0007587374151520255,1.558031047929069e-05
8436,2.4242945626849276e-06,2.0401471832172423e-05
10745,0.00011969069234128755,1.458812294818714e-05
1620,0.00043092888160716695,1.937402132256073e-05
2890,8.823112387650849e-05,1.9070526423712414e-05
728642,0.0004481612540823695,1.4843533267409214e-05
165918,4.06529680126599e-05,9.769465157919649e-05
6521,0.0001888656158772802,9.934088374626511e-05
1387,0.0009711893267596932,2.36682839973953e-05
1384,1.2650382536193673e-05,9.905051610959836e-05
55139,0.0009247080287979751,5.997727859459536e-05
8721,1.5871417151346294e-07,0.0002951946539641072
636,4.563452764733009e-05,2.7208567171292277e-05
143425,9.11447785643326e-05,0.0002183138477759757
23168,9.980614671894464e-07,1.4560595285869275e-05
4233,5.408096405483337e-06,0.00015206521389887962
57142,0.00034678173249375765,0.00014435477085748512
8767,5.684862385706168e-05,1.4445584267628709e-05
3507,9.194853402283933e-06,3.298806801813659e-05
277,5.496099941624299e-06,2.457458005015431e-05
51073,1.6759792894873e-05,4.6954445834331257e-05
1441,6.153165765174768e-07,4.208787356156348e-05
7072,5.874071423749194e-06,4.44304582510511e-05
10845,9.447268236614083e-06,0.0004615900182643331
889,0.004018025170442156,0.00025663519492194627
23039,0.00032047501623799074,0.00015216814786665934
23418,0.0014213562644375946,3.225902946382952e-05
55770,4.902843753811667e-05,0.00014278047499152063
8854,6.045834229194725e-06,0.0001146859441234595
653240,0.00032101076275252693,2.096076951521779e-05
9610,7.954889881938564e-06,6.070649923235465e-05
246,1.1156893855244772e-07,3.201574179545077e-05
29993,0.0014436243055369806,6.274116631591903e-05
346157,0.00025258046417073096,3.496193807629557e-05
9794,0.00038011410622830466,0.0001663384904073436
2846,2.8789433961220703e-05,1.4507131980642917e-05
89795,0.03898837315545364,0.00011362569719995806
1562,0.0006342442242798044,3.0446259681506712e-05
29072,0.0002731716466359936,2.9782471243894042e-05
730426,0.00026491449376874637,9.002654307150744e-05
51298,1.760879118403917e-05,1.9733061601085458e-05
3567,3.0357283084821556e-05,6.58651559285959e-05
24140,5.101552939308657e-06,0.0002644271584305472
56144,7.080127146092611e-06,3.628133584987724e-05
2675,9.21139303208358e-06,7.533959759038132e-05
5889,6.421502803055888e-05,2.2865489408264632e-05
7288,2.9437620188385585e-05,2.039512766408459e-05
9826,0.00011239205770547674,4.763159445659094e-05
5162,5.582200629233396e-06,2.2081928036791926e-05
253725,0.00012031850712188001,0.0001621093015519881
79925,0.0003288800131349746,3.125340156454428e-05
64122,0.0002558252216112446,1.5988033450597954e-05
124935,0.00010223941051748747,4.2915974262420114e-05
23248,4.004521616593004e-05,6.233896152450387e-05
4542,0.030705469114771053,5.0534696558461255e-05
7026,3.5832983804335826e-05,3.442193907004245e-05
24145,4.0223877852077486e-05,2.3301639436693407e-05
51538,0.00285430986940509,9.44340519470373e-05
3009,0.00033562954659216817,4.6132566384479164e-05
8622,7.028906613499455e-07,2.8128373309708445e-05
6169,2.0205415731497574e-06,0.00019477293666366285
7355,5.999614719608056e-05,1.5031506530779417e-05
7525,0.0005149478546622966,8.74739895063665e-05
58495,3.4232128866774147e-06,0.00011826321614163775
10800,0.008476668952077063,2.815703017763438e-05
2886,8.212258173100459e-05,0.00011173771497872223
123722,0.0002789946206083933,1.455295483600974e-05
126669,3.1245529820518394e-05,4.770385555264644e-05
128872,1.2184589296786875e-05,4.333417883221484e-05
84102,0.00032471163365080646,7.933913357172023e-05
1404,7.193243473092612e-05,4.933277240332171e-05
7469,0.00021161432962004057,0.00011348006185754608
55210,0.00024454117583485246,1.3984885810731305e-05
2035,0.00034562341272473246,0.00043817510896508425
24148,0.00014071209500658585,5.876303227807074e-05
353267,0.0023948946859042816,3.765671722091426e-05
2131,0.0018763691665005745,4.468018485686759e-05
224,0.001167569234118681,7.704224276178001e-05
1949,0.0016253016886262832,3.964391637965729e-05
5651,0.00021185479437687448,1.396422964365147e-05
4924,4.53845554778293e-06,2.4226709296335992e-05
2994,0.00029550275703885885,5.568286838138128e-05
1520,1.1763189929939061e-05,1.7210974181304787e-05
81544,0.00018556998312636245,4.0401578821929536e-05
80817,0.0008098008664179274,6.673100957367803e-05
2867,0.00032839103481579075,1.705687324938499e-05
54440,4.7734802097567165e-05,3.116871690911763e-05
4541,6.356411161824129e-06,0.00013388636976017444
221037,5.8789188141262426e-05,2.4666396013809108e-05
6594,0.00011125666026303529,4.23769658971831e-05
8405,3.83087603153109e-05,9.901481986076051e-05
92797,0.05657571164536322,5.2056663055335644e-05
6753,0.00015475041876538255,1.6448734141763842e-05
54477,7.565196752443933e-05,4.219128219730445e-05
1824,2.2318528611539383e-06,2.5869034437269563e-05
80153,0.000539192293508286,4.701686450801693e-05
54209,0.0014012923178032715,2.1057638985242992e-05
26472,0.00037762270284690035,0.00024732259359823856
6997,0.00018693680550174504,6.551206865625906e-05
50861,0.04407167524599192,2.723375163483108e-05
7476,0.0008874040280017674,3.251813658664068e-05
5330,1.5166790076080982e-05,4.996544857014126e-05
28620,0.00010320891895250978,3.091319586820836e-05
54020,2.248748900932033e-05,2.5504785425663905e-05
64787,7.572598892750768e-05,1.3977354533597972e-05
119391,0.000416388381684428,1.7525312254942236e-05
79623,6.507767557480712e-05,4.628967107661625e-05
51090,0.0004493346466896586,3.914238836950103e-05
164656,2.5749388066944583e-05,0.00013527363360073483
6741,2.9053515206197838e-05,0.0002686419699740123
2800,1.8087877952619552e-05,0.0002788183421953825
134353,6.255715039752545e-06,0.00011117422160727247
2823,0.0016232392907687195,4.097322137244209e-05
8372,0.07015556851750619,0.00013797474749288217
3566,0.00023530136749495267,1.5573344157392758e-05
113026,9.092319560373553e-07,0.0001339882694910119
8609,0.00012399453834735597,1.5051611251312677e-05
8368,6.607083210645902e-05,1.9596843100926066e-05
283377,2.030561117446699e-05,2.547105216776894e-05
554,3.3005468102898777e-06,2.6605615599193034e-05
80303,2.8443385538932792e-05,3.2788736230787725e-05
94104,0.00019632976658782135,3.136585740609533e-05
9675,1.643449072196949e-08,1.8762378776434914e-05
22954,9.390204550004454e-06,4.908786135390243e-05
10129,9.236511948257346e-06,1.9352198401636266e-05
1289,0.0017887210226367424,5.195828131462906e-05
144100,6.753017262186023e-08,2.641629205661826e-05
2326,3.382181806108952e-07,4.288340228597313e-05
2515,0.0004353769083781785,3.8135935495408786e-05
727,0.0007111035155459007,0.00010691105237429748
80724,3.8908143212688806e-05,1.822873417472821e-05
54796,0.0006737577409215277,5.53916600239978e-05
257629,0.0013472108085769382,6.782675153237921e-05
63976,0.0006929036434590244,1.873264714632607e-05
727897,0.0001392379893618418,1.7864114957099765e-05
55190,5.4295364188923106e-05,3.435381301144202e-05
29128,0.0012641101613933298,2.8202993330400768e-05
55054,0.0002149124443594363,2.4218551524720297e-05
147923,4.64973409263924e-05,2.947733803503846e-05
92815,0.00013450005431603525,6.04921614053452e-05
6164,1.9592933888112992e-05,3.1192673981741086e-05
10591,1.9913608463020874e-05,1.8332299765983876e-05
80700,1.4393412230603839e-05,1.436960104469616e-05
51642,0.0756660733437859,1.4524650049263924e-05
10078,1.6972046411495476e-05,7.470524143730175e-05
23433,0.0005462406557102559,0.001026684448714186
1798,1.0921495969746699e-07,0.00029447327448146676
9728,0.0024381977244758504,4.868615227261521e-05
721,8.721033866910447e-05,1.503018624349716e-05
55251,0.0006174920545624769,3.436561760352231e-05
5709,2.5168417831410367e-05,3.408568281608519e-05
2572,5.5121984517295265e-06,1.4205307015365955e-05
54471,1.1341696378166654e-05,4.317617371488267e-05
138716,0.00014520191725645685,6.485074980446673e-05
51389,0.00017124304630847137,6.588159211416651e-05
1606,7.127952724719297e-08,1.961643833375114e-05
54517,1.360847118847082e-06,2.310097990615676e-05
8030,1.891435056279318e-05,0.00018358469113327285
2319,1.943966538259127e-05,2.8379014499877865e-05
9321,0.0013097892414041519,4.924473054932709e-05
10256,3.2583971869918814e-05,7.375367411268273e-05
5604,5.214671890906486e-05,5.4213526688221794e-05
5557,1.3652552815119473e-08,4.7145188077733424e-05
9966,0.000942387956263305,2.9998657477068052e-05
1780,0.001160657972710689,0.00015358679455088815
54464,0.07633307700346098,2.890161237418122e-05
1039,0.04104262953849579,2.2995835203861572e-05
169792,0.03297541091718549,2.9228230699384135e-05
84080,0.00012584509389327656,9.316950959752365e-05
64420,8.909522938152758e-05,8.124595278786508e-05
6492,0.0003519329115590128,9.090342182589665e-05
1399,1.5548927423763092e-05,1.8025850425869283e-05
22908,0.00016109798693333897,3.808402417432325e-05
55871,9.892129923640479e-07,6.563263811161288e-05
4283,0.0007695366693948059,0.0004074456172008627
11086,0.0023541628710132046,5.220990969569485e-05
170384,2.3500027764292867e-06,1.4740957548131872e-05
55250,0.0003510411183118693,2.8198400832083904e-05
57038,5.582200629233396e-06,0.00017844175767916788
717,0.0003989158970056618,5.86329617570002e-05
11064,0.0005418991419279079,4.5427858004391016e-05
138065,2.6983043343407465e-05,2.4833353609083367e-05
112724,0.005027386551838017,1.54085551339827e-05
7010,0.00012103008691305657,3.411982534882973e-05
8354,2.4678075375024723e-13,0.00011736671121305626
8566,0.00039901223470855106,3.759224335390497e-05
1491,4.3799789013869247e-05,3.0105945322790442e-05
3191,0.0001963750223776345,2.933598913296239e-05
984,0.005222986176003323,2.8279823848533577e-05
10927,1.0355131323083094e-05,1.4763773726432298e-05
3036,1.8009952877368445e-06,8.063687613295002e-05
2012,3.2539666239684835e-05,7.337764231720734e-05
312,7.323150336575272e-05,2.928231304780538e-05
8336,0.0017555655118748042,2.2922315410179394e-05
284004,0.0012165730994927878,9.470311788135586e-05
10949,5.4943464411753505e-05,6.755009889654719e-05
5652,4.182648650664532e-06,0.0003804078358670484
790955,3.7094350032101924e-05,0.00023132954985539923
440026,0.005520283524798541,0.00020114848613673176
1610,0.00022577796269908368,2.1814453310964607e-05
388677,0.0018913599229271134,4.12419092356403e-05
6143,1.0908663313150705e-05,1.8510239246939206e-05
7204,0.00010846132983742734,5.552600498900243e-05
492303,0.0010063269868179044,2.3817537338961797e-05
123228,8.754014263443487e-06,2.106595409079663e-05
50808,2.272221583311775e-05,0.00010493123264864379
374393,0.0006849749236024706,0.0004662398958526836
5740,7.191196188262098e-05,1.4373463581354564e-05
6366,0.00012667014683914886,2.2430379013548767e-05
57689,0.00017357145122493065,1.9043334495896643e-05
6474,2.379145814767655e-05,5.4117142060112247e-05
10668,5.582200629233396e-06,8.420340317981077e-05
572,2.842314600865542e-05,0.0007004967376126129
2712,8.80111920544693e-05,8.454457246463896e-05
6827,0.0013116089279768242,4.406391385238635e-05
1982,2.4795528143538386e-05,3.98490072838702e-05
5780,0.0006970090293751535,1.751038795819326e-05
800,9.757293260946538e-06,4.356131573570728e-05
10413,0.0009272829461202828,0.00017229308389853643
11039,6.52657521302805e-05,1.5185828311461133e-05
60493,3.22588954133521e-05,1.4567972795043785e-05
83903,0.0004243893359818168,1.7133277367733043e-05
91369,0.000899455290211825,6.363196028459596e-05
8853,1.5445988164200032e-05,0.0001231849262477134
6993,5.386432149822104e-05,7.406319590346522e-05
644903,1.0624587931997263e-05,2.3151831624603446e-05
51311,9.483342817232113e-05,2.4954498459868737e-05
10588,3.621000138712873e-05,1.8212496595710833e-05
55800,2.8968965997740347e-05,0.0008161386024329833
8724,9.314267878695358e-05,1.6468096170433e-05
6132,2.374576271341866e-05,0.0002318105034633887
84665,0.0006230349449551041,1.741143269472125e-05
4342,8.11099084613588e-06,5.1785493217929226e-05
140576,4.0203531076845194e-05,5.158795784773139e-05
5691,9.401017102536965e-07,1.838684741803069e-05
10940,3.7095560470933536e-05,6.37703122392913e-05
3554,0.0009609570005209858,2.476544620653574e-05
5444,5.582200629233396e-06,4.301644951516473e-05
54894,3.4620517739200386e-05,2.357273288583342e-05
23529,5.725755936148248e-05,2.2789883469847787e-05
112970,7.099846680737855e-05,1.9043334495896643e-05
10400,3.305066232436162e-05,6.506200564892773e-05
4716,5.117740179447853e-05,4.019293393494986e-05
56479,0.0008180592141167078,0.00019409837710075893
1135,0.0028292055773766612,3.925456659754112e-05
7032,3.647784001655751e-07,8.710051682215692e-05
54828,0.000452750095049286,1.784624892960919e-05
64090,5.5121984517295265e-06,0.00011500660150726036
51520,0.0005681293081025167,5.685218818140623e-05
81839,0.0006545705931013517,3.412423861368959e-05
80270,0.0008961630492023855,4.1877407781423394e-05
1145,4.2531350960198e-05,3.303101571478703e-05
5536,1.0752421534816198e-05,1.4730383326358146e-05
51762,0.0008609281908938801,2.8402922198711055e-05
9045,6.579615466426144e-05,1.4755485393968892e-05
84991,5.0427545032230885e-08,3.432988853637484e-05
51649,0.0002968203537728324,3.927389492476277e-05
22884,0.0016748929039931615,3.15741707890372e-05
23473,0.00010958744939265082,4.578789900007127e-05
51451,5.216959462364869e-05,3.108416216004223e-05
796,1.0348053577741234e-05,5.648462586210389e-05
53354,0.0011099289652315664,2.3202977437960088e-05
285220,0.0010282365918464907,1.7422874167711583e-05
84988,0.0003313019436852807,2.7265358746230968e-05
9869,9.946789228467052e-06,4.4465569503613534e-05
1259,0.0001283467720545125,1.700308640591122e-05
203547,1.289678962825848e-05,1.9043334495896643e-05
10990,0.0015062604473158924,0.00014489320734710232
1875,0.0012259007133565566,2.914642495637788e-05
58512,0.00015825871583855801,2.81236793728208e-05
2629,0.010337886790633466,7.144993671317325e-05
2353,0.001405179365401033,4.069596765155835e-05
2791,1.5586132477432517e-05,0.0001712418388471457
131450,3.481781089922015e-05,0.00010053589654300269
51621,0.00023369735371887697,6.449789074469989e-05
54756,1.1646504495897186e-05,1.6035009487024276e-05
5778,3.4595315157168127e-07,1.54085551339827e-05
326,0.000522338065443944,0.00016988498929036843
84284,0.0007150521149008671,1.549194971279748e-05
84279,0.00026574350811128415,0.00015190578674626113
388585,0.00015488426109445806,6.198011545771956e-05
353141,9.646243840300898e-07,3.353154713256997e-05
54819,0.0005948274281521453,2.1632916712763163e-05
8346,0.0005103938087198253,1.877694085034851e-05
5320,0.0009986491541102334,1.8650921671803256e-05
5322,0.0010115077811585522,6.043832755018064e-05
28987,0.0638237586331302,0.00010341909040372894
5335,9.624047136133238e-06,2.3505385971490682e-05
80014,8.531096691746891e-05,2.0945201929690935e-05
4217,0.000524944331069977,1.4832787472140136e-05
8638,0.0005091757819610687,9.309507078975947e-05
377,0.0007998818666856373,0.00014178168585537892
58525,0.0018839350302023853,7.144161747626876e-05
255928,1.3114070517139515e-05,1.609771702900858e-05
54940,0.00261152646030324,2.821270715336109e-05
4435,0.00029741389618772376,2.0307633895559897e-05
85865,2.4606819881703762e-05,1.891828452461832e-05
3239,3.613602576015372e-05,0.00014902489216495122
1736,0.0007262622018448128,9.902792317450146e-05
55207,0.004138256913595736,4.5779548376861596e-05
9086,2.0175015723650394e-06,0.00015157126827699914
116238,0.0004940062797800071,0.0001297951885972007
84699,8.923516336257088e-06,1.5825499811502202e-05
2813,1.2686287155824233e-05,1.4798588153203972e-05
23421,9.861597193290253e-05,1.97646072683382e-05
278,0.00010237846315736756,1.9008226393728724e-05
1911,5.02233522135165e-06,0.00012693475205856005
9104,0.00010883833852802666,2.639275043034704e-05
23199,0.0004197867730382529,4.2531090360652666e-05
25839,4.538151507922943e-05,1.53009120653222e-05
10060,0.00028887073964332157,7.344559906058449e-05
81875,0.00024137703283580686,5.035890047106922e-05
220717,5.026994902006756e-05,8.981158211014916e-05
9481,1.297980112567857e-07,5.5371868715685835e-05
10877,8.983440540602876e-05,0.00047064940107328327
79710,2.572590990386506e-05,1.9683559793104437e-05
202051,8.934532453804791e-06,2.8141985650167713e-05
1182,5.582200629233396e-06,2.4499948721365686e-05
84570,2.109649552075677e-06,9.34654317104538e-05
4625,1.949083810173197e-06,5.873761890092575e-05
5360,0.00043091173237361956,0.00010571299913422743
80739,5.877428341018577e-05,1.4655264598133911e-05
54962,0.001588966012973605,0.00023358724157162306
79676,0.00022599422833204138,0.00016449956525896775
622,3.154039459501703e-06,3.282091455258027e-05
949,0.0004503896544357811,2.4330738761958867e-05
3359,8.744124347254455e-07,6.829509378638481e-05
55530,3.425021937208242e-08,8.73734997833149e-05
222,5.997173522718847e-05,1.9504138055616182e-05
1369,0.00034704113019917184,4.5983880311338646e-05
783,0.00023379636736662143,1.4964632953691493e-05
6645,8.664357617794772e-05,1.9008578792104544e-05
2487,4.339191156842136e-07,1.4335010747632955e-05
79036,0.003476311973828551,1.7203023331784348e-05
79590,0.00017822292024886936,4.077425810748875e-05
54919,8.237442856650981e-06,0.00012295163431768857
84295,1.1437131637483241e-06,0.00014313005780662542
343263,0.0013357312618257839,3.4377553740504736e-05
5585,1.2086575160006384e-05,5.354043306946422e-05
9622,0.000989063935347512,1.9478306838096247e-05
2288,2.2318528611539383e-06,3.251452796307301e-05
3718,0.00017638318361644286,1.868445617445464e-05
22861,1.358377640541395e-06,5.8910928687484814e-05
51101,0.00027338050429910084,3.8648675236171623e-05
10857,0.0009583477712039942,1.9043334495896643e-05
2743,0.0018490202361292102,1.586652433887803e-05
9560,5.244145161555274e-07,2.2009958133764642e-05
25851,0.038484803845493354,3.873823691693371e-05
9967,0.002055295222896566,5.828407543599797e-05
1663,6.952812006220569e-07,4.6581819946340276e-05
1506,0.00034382452623597467,1.539081292517514e-05
152573,0.0005905814931403316,0.00011355282887310316
4486,0.0001736182388811648,2.1402140582088972e-05
51643,0.0004299834766846692,2.3149586929279123e-05
2915,1.1895391790855068e-05,5.547298336174833e-05
100653323,1.2026606149760256e-05,3.821435252792397e-05
79004,0.00018263565541185367,4.131343838986231e-05
199,3.3516990069003075e-05,3.537851883425399e-05
11059,5.775085698306188e-07,1.8093366628343117e-05
6185,5.367598529177602e-05,0.0005111178319062743
10781,2.3340545685438284e-06,7.700015903119085e-05
27161,2.2755821577060522e-05,7.214547772212238e-05
6871,0.00019345454511778223,2.2524506805378178e-05
116832,6.909291439696731e-06,0.0001962109997695712
11025,5.2990922791660616e-05,1.4824910066607439e-05
701,0.00017048330501848947,5.924766655231277e-05
63978,0.00011656753288484175,6.358957858283582e-05
27344,0.00011137154761231144,4.293185534382588e-05
3848,3.829485797903741e-05,6.735427699087882e-05
11346,1.3124211351865883e-05,6.134081703450282e-05
54951,1.3495642416886213e-05,0.0001722254729716082
361,0.00010336444893381647,7.124362308967787e-05
730441,1.096542629057026e-06,0.00016018965798322252
100532731,0.000250523188347667,0.00038166375808417537
5871,6.2204551019738e-05,4.3959403314194776e-05
4893,0.00045283259484899446,6.71462703539904e-05
55832,5.847709233081277e-06,0.00014533483899728698
5245,1.054630632563449e-05,3.193019587289091e-05
58472,1.1888120034897004e-06,3.454895207677878e-05
11083,0.0009177882875505776,4.984006311534273e-05
930,4.7091595949989885e-05,3.7729685657718506e-05
2303,6.489654301333844e-06,2.2306516723135305e-05
10788,0.04189315417665008,7.425136658479836e-05
11153,0.0016113568074289492,2.1628473600866556e-05
4709,0.00031323225472052715,4.1600421764992385e-05
5080,2.6368393771078528e-05,0.0001668772574088801
3046,0.04062090540940538,3.5791328492437045e-05
28952,1.8171375727184123e-05,1.5998131194986358e-05
5923,1.4335683702311204e-05,2.970123101041415e-05
8926,4.0214715757052855e-05,7.362248189591885e-05
7066,4.745681844143807e-06,2.669688818259693e-05
64754,8.034576662529185e-06,3.7318636808092475e-05
50856,2.30966720450156e-06,2.3538136298633e-05
127428,1.925708850080561e-05,3.621060215845267e-05
79074,0.04246943837750522,3.3423212980626064e-05
63970,0.0017981194947897948,1.4515263491745623e-05
2822,0.000953751732150119,1.547009118141284e-05
1511,0.02472533004597669,2.7139660833331215e-05
170082,0.00040694613256525705,2.938980916863419e-05
9779,0.0010245218623677343,3.202272163622587e-05
51379,0.00019847539929840477,6.219061535312815e-05
55152,9.275884600469533e-08,4.6389670029444985e-05
9027,0.0002676814980369083,1.521174473523944e-05
2783,0.00016358926188612762,2.5538920586919492e-05
8029,2.880663345551926e-07,2.254696697044871e-05
2650,1.943966538259127e-05,3.1660511905022906e-05
3600,1.5743589435261415e-05,5.452021329014771e-05
80777,0.00034658074709445,1.4336935393267781e-05
65999,7.065334197588479e-05,0.00017965038589016135
8529,0.00028374266060636705,0.00025754836412703443
719,0.00038849411925793824,0.00024339486008669882
4007,0.0024328676023603066,0.00012673105313461722
8801,0.0028680655381626784,1.8578172068309905e-05
8106,0.00028196028001036737,1.5401321736356073e-05
143379,0.0003212028627598967,0.00024097794961146134
8766,0.0008002770062601804,1.4744821888776578e-05
944,4.4987006941681573e-07,5.145635749725064e-05
3270,0.0003283231017454131,3.050629805587468e-05
26127,0.0002950306058520874,1.8974942888176395e-05
4580,1.7437829576471919e-06,3.5490190065660856e-05
64968,0.045667185430418686,4.726339643656821e-05
23192,2.581791712251273e-05,3.550010416026709e-05
8497,8.620463938055216e-07,0.0002850748699815824
283870,4.025153048637171e-05,0.0002239815321064025
5058,4.3481538599610765e-05,5.017720892335673e-05
85369,0.0004457972596070389,0.00010377747995634633
5137,1.0184348275509882e-05,0.00010274143149510749
8970,6.683076416372851e-06,0.00011480987152957162
28996,0.00038501558244529403,2.2418663438696844e-05
7424,0.00012541448914693963,2.0152169300095806e-05
4776,0.00013096446788463,1.766268348495247e-05
50700,2.263039191684789e-06,4.6083053813652684e-05
9994,0.0005577664229817767,1.7883510902201358e-05
56649,1.68056497125377e-05,1.4763773726432298e-05
8856,1.4986823903302169e-05,2.0991265493369425e-05
3275,9.309082251386319e-06,3.462850416998691e-05
1108,0.00010842478587009776,2.3164535669235203e-05
55749,0.0001215477122565955,2.0352009275210568e-05
84844,0.000513855707969843,8.353578670233102e-05
3717,0.00038767054479904275,0.0004299761455221186
6734,0.0004472725936165875,0.00010929178721185425
6240,9.418399609734513e-05,2.8588099316239045e-05
79913,0.00025734087069665697,0.00011034039444947802
170961,1.668875507629167e-11,0.00011673762818807929
167826,0.00025339317027508134,6.359641081053128e-05
56204,0.00040609531787494445,5.354259977673668e-05
284086,0.0003553964562352853,0.00019077110623972823
79669,8.251761708876145e-06,5.126598355050099e-05
3494,3.9131838951307746e-05,3.5852240904435514e-05
89,0.0001515445917784315,0.0002195450112944741
58505,0.00036138998896062026,1.4699641257903175e-05
114131,2.888163762538673e-05,2.122344284176646e-05
10741,0.0004839201605873375,1.4246882084378296e-05
28442,3.284816643344327e-06,2.526226639214692e-05
1805,8.572380937877771e-06,8.733352487558692e-05
11275,1.4757214097940297e-07,2.092066142741075e-05
7545,0.0005637220600531694,2.5456196901519007e-05
6496,1.7634929313835562e-05,7.587588099376178e-05
114569,8.53927365583072e-05,0.0001556057401066201
84317,5.781384139519392e-05,1.4186842370547823e-05
57161,0.03042682558733766,3.335559445733868e-05
54069,0.0005844990352283896,5.4890044621612596e-05
53630,6.056598761225237e-06,1.5568064937661386e-05
170392,0.0004056699340577212,4.379056975745009e-05
121441,1.943966538259127e-05,0.0001679747951703956
84522,8.070123082773927e-06,2.032029407068498e-05
50717,7.542010697907965e-05,0.0001441861849790311
414061,5.6771865301470866e-05,8.100249339542061e-05
23214,0.030556474610195877,4.8328109339394894e-05
84727,0.00012047771789513543,2.486058874938822e-05
151393,0.0005125905545605362,2.937621936479572e-05
2358,0.0014493306625531885,0.0001187595949419612
10625,4.406804038155451e-05,1.7429339711344286e-05
29984,0.00010380719070277224,5.4738640206066095e-05
9162,1.0286660219711816e-06,9.289545605461588e-05
27283,3.3277583166162834e-05,5.539148816269802e-05
28964,4.571535380033397e-05,2.5584772644251514e-05
55337,2.5225237447365687e-05,4.945680777561677e-05
79022,0.017967650766348618,3.7918011626157866e-05
6625,0.0018189231840769473,5.945237828413096e-05
56143,1.51056568886254e-05,2.4472163752144218e-05
3091,0.00032192803733588636,1.4881937333780143e-05
26278,2.2425516404695314e-06,1.688082017046241e-05
22801,0.0009359047423129113,5.4254640664918604e-05
116113,8.491722981398232e-05,1.4897681030648523e-05
25884,6.425484648703497e-05,1.741364331457563e-05
3597,7.5573719379266295e-06,2.1273630194737206e-05
6427,7.19788083784574e-05,3.914925316787552e-05
5516,0.00030772942890638726,0.00011912650278749511
5358,4.4118050965757026e-06,7.001452883812495e-05
30968,7.075878086314386e-05,2.03463692965608e-05
51343,0.000720524821184759,5.712647112215868e-05
667,2.829056543630834e-05,7.573553420286171e-05
5316,0.00018252857074856549,1.4763773726432298e-05
285733,0.0005194324196949128,2.799694629686072e-05
54149,0.002980619580632275,2.124850412425415e-05
161742,0.0032543709658850763,1.7654775622495634e-05
51209,8.294380145628276e-06,0.00013705216920467496
255180,8.417375152353928e-05,2.7277330604063128e-05
255743,7.827250066852472e-07,0.00023553596625469156
10953,6.770186587984113e-05,1.7375315812840908e-05
51400,0.0025320098459202236,0.0004757418007177734
91582,0.00015972288167743307,3.062010113902065e-05
23589,4.716994719975953e-07,1.5575402012085387e-05
29997,2.2582448900765208e-06,1.8400196389573827e-05
6150,0.0005874884691160355,0.00013659425578712317
116379,1.7124554420836874e-05,1.712642693445995e-05
60492,0.0009833186215560433,0.0001724892904219688
1439,0.0008512937427411339,0.0002702248157022479
166012,0.0003113869057892585,1.5422040897706292e-05
79025,0.0006727767240490906,0.0002712517470055468
22981,0.00023248940952351062,2.9259681165308724e-05
79947,0.00027809555065510253,3.735398988676526e-05
10450,8.510215060228393e-06,5.2288382120759586e-05
51032,2.1178978873406306e-05,1.5921166687620526e-05
2633,0.00019047747225863615,2.795909382616253e-05
401152,0.002961752357311936,3.6992087550679164e-05
9518,4.413556834007087e-06,3.830164702979591e-05
5796,0.00019876124804568573,3.4249056330451185e-05
5535,0.0013128345426437374,3.196403827435884e-05
80262,0.00029103481271792195,1.4674484482794271e-05
5989,0.00016845009886956008,0.0001854132701099752
1634,9.018351720342072e-05,2.7971949028763724e-05
23530,0.0002700178966891689,0.00011768781006891687
2028,0.00017410642155772134,0.00040934354936139134
55355,5.569282858377048e-06,1.5092448715172041e-05
57579,2.369298691817164e-06,3.811200059817241e-05
283337,2.1299958672041615e-06,1.927050642997143e-05
2045,4.440231026436748e-05,2.7866325799945155e-05
23650,2.104918419171348e-05,0.0002092741823348056
23255,8.86428751439308e-05,6.672657496828507e-05
84557,2.224833014736277e-06,2.3437436776969315e-05
100,7.1253352840425734e-06,3.479454674989884e-05
6236,1.6856369863159454e-05,3.676059507528136e-05
27130,4.5768307132981885e-06,2.152214839553261e-05
8888,0.00020760007571865788,0.0001248493348762191
59350,0.0010632062106102642,8.129291426271369e-05
200916,0.0004771018021382675,3.786492604117239e-05
220965,9.457402068762134e-05,0.00010929832262313254
3798,0.0004246909181094948,3.5483320874322154e-05
124583,7.554370624302328e-05,6.0125362429885655e-05
5826,1.4828970163234551e-05,1.4638041287297138e-05
29899,2.246028406505446e-05,1.4196438955463963e-05
55133,0.0002238384686143772,0.00010745902522830198
158345,0.0005878815631776742,7.991469102774515e-05
7411,0.005244987081402742,1.592996809354904e-05
2525,0.001364573651765371,8.958753407446893e-05
2875,1.2057391933013808e-06,5.532429989617121e-05
91851,0.00011048190092273826,0.00015928215443943957
2917,0.0002764358168302156,0.00011263268558705103
80832,0.00048791561057998984,1.6737473930820823e-05
221061,0.0008505766933359906,4.6763328185654406e-05
1589,4.944858747860271e-05,1.3070594644697332e-05
140032,8.73288875480798e-05,8.991263295949289e-05
85358,4.524810382818302e-06,1.556697538989905e-05
8693,0.00042654684362401855,1.566957614335044e-05
8997,0.000842620776678874,3.901412766668838e-05
160777,2.078415129309047e-06,1.547178671912031e-05
6017,5.027356535161648e-06,1.8076879309927345e-05
56673,8.494908958979733e-06,1.4160210183646907e-05
84725,1.0583436862336428e-05,4.214987205585944e-05
6227,2.2902807070766738e-06,4.035118373670959e-05
10209,3.7468571664236816e-05,0.00011082817510358189
55738,0.00034623442122099835,1.4730890531955267e-05
5782,0.005401116714766312,3.603878282595173e-05
284618,0.008898392261531274,4.903588835613094e-05
23181,3.1374274541757236e-05,0.0005178557479254889
8786,0.0004891589518821216,4.64209745162937e-05
132884,0.00017284123719040197,9.528582606556225e-05
3000,0.00039429307172956645,4.925208350393328e-05
5584,1.8730071057373983e-05,3.513013513841849e-05
2667,6.2204551019738e-05,4.7666083989090436e-05
27335,8.319333206618387e-06,2.278726718535278e-05
7454,4.531169992208519e-05,5.542822667527799e-05
119587,9.328915503016998e-06,0.00014761044842410376
11270,8.454855818706465e-05,0.0008484304006846579
4008,0.03901493109126591,0.00024039222260939131
23087,0.00013988009444481197,1.7651473992205072e-05
8636,0.00010733474732374846,8.940225669027755e-05
7840,1.467148677146608e-05,9.064857416444872e-05
2563,0.001400477452407038,2.241374189841002e-05
971,6.31913476690121e-05,2.433224164836282e-05
4885,5.815694176145832e-05,1.7537086639380388e-05
3601,2.245021782530958e-07,1.777585777253029e-05
51305,0.0028871865525102436,3.344183601420982e-05
1313,2.230541629720313e-05,3.690284004983312e-05
26258,0.00041997497564012196,7.098798895441703e-05
64105,0.0002823681831310635,2.0540302761499014e-05
8087,1.1539791398889266e-05,5.607344200545513e-05
84684,0.00021875219134260542,1.4607930793339183e-05
8671,0.0007631513733709899,4.661271017105234e-05
64083,0.00025620201622532666,1.5249478944290814e-05
51193,0.0002559836764087591,8.454685028259455e-05
8295,2.44706536665709e-08,1.989031060077004e-05
5224,1.4683224009973537e-07,0.00020510348985381137
130813,0.0006303111154899027,0.00044171020598551104
163071,0.0007620295125018957,0.00010905377761816517
64094,0.0003424951443282352,0.00012135478396396993
8897,6.137778478090002e-05,5.97800307164244e-05
2956,0.00017386275575738535,0.0001087287607173842
9414,9.415722927615037e-05,0.00018596538091121006
79768,0.0061742379602295686,1.4843533267409214e-05
118,3.946289533468879e-07,4.635206986294218e-05
2305,1.6743599596846968e-07,1.4604551734772293e-05
64375,3.2560094470891044e-05,4.741846439422732e-05
8725,0.001411872175338888,2.509956958153297e-05
2250,5.970275498924229e-06,8.67468278758292e-05
432,0.0028134165581907263,0.00039195022728360785
10417,2.709340394540254e-05,0.00019819837048807752
23438,0.0006469761217720657,5.367296771590698e-05
5267,5.800933642570651e-06,3.8967442704184924e-05
6453,0.00044752296242987506,3.2270832311770985e-05
80323,0.0004248977993744334,0.00029207858955868966
493856,7.866176816726708e-05,1.786451859164193e-05
3738,0.00014386268805875252,5.236009636974472e-05
6433,6.605538825302561e-05,1.781122575723981e-05
5450,0.00023357224302384777,0.00036641388421719675
1496,0.0511575830744515,2.666929095323376e-05
57585,1.2058465958318895e-05,5.8565395695890875e-05
9777,0.00040035424028122147,1.8021728788664426e-05
646,0.02301437184230052,1.777151441352098e-05
65267,0.000633612111354359,6.280279505680269e-05
84932,0.0008742146767965052,9.361177625972998e-05
22879,0.00024094170373764552,7.976326205307605e-05
55170,1.2611595486471624e-05,4.5517662360688044e-05
90987,0.00041217708327792455,4.6968198004484216e-05
114902,3.9610866726915634e-06,5.6330650529812375e-05
51135,2.3340545685438284e-06,4.179799727734704e-05
4522,0.00021523128999497373,3.9338134965525404e-05
53616,0.00028450168249531937,3.098823314436442e-05
4597,0.0004276471589058594,3.787554695256797e-05
8871,9.208136748024369e-05,6.863579603829824e-05
4775,1.93429807925257e-05,0.0011330772693197895
130340,0.0004146385304992165,2.539858084811949e-05
79156,0.0005025076208875248,3.287789450394923e-05
6503,6.766586131487669e-06,1.825047151628684e-05
7188,3.340626913569274e-07,0.00045609811761268445
10320,9.484792820693134e-07,1.5874669654448474e-05
7329,4.6146337424758785e-07,9.73847042390613e-05
8237,0.001010798355887005,3.251303615423449e-05
3788,9.113340283646191e-06,0.0001561725524711229
7804,0.00017592167943530953,6.725164995361596e-05
7073,0.000535604348598457,8.670611745146674e-05
221935,0.00012144558399473453,6.489718251935339e-05
54949,0.001493150600412343,2.686441478755966e-05
23483,0.00043288549291924154,0.00010442763279916801
79640,0.0005019165144024231,3.983501762211575e-05
5161,0.018468854566417774,0.00031635995775293116
9133,3.055382260589852e-06,2.1143350330356654e-05
9905,1.2112600591041003e-05,5.1703106230765046e-05
376267,0.0020538201838757875,0.0001367212666443066
374907,7.897426267371118e-06,4.374000697811319e-05
22898,2.7538706097501703e-05,0.00013620635224968373
11133,0.00011415832094706928,4.683837476062474e-05
64285,0.079374525672362,1.4351915146024114e-05
10870,0.00021917937800146995,3.9162841583375114e-05
10752,0.00011366205243106423,4.669192526871724e-05
8717,2.7606297449254693e-05,1.5998131194986358e-05
1147,0.0003550490638765128,4.58267183395764e-05
10045,2.896419127577061e-05,7.254064154572485e-05
84467,0.0008755433219417208,0.0001227842263473484
26009,4.6329072576829275e-05,4.8041024709326805e-05
3945,0.030712520544234182,5.591155112283942e-05
4589,0.003998379900286244,3.4301204174977214e-05
84628,0.0003807788983695545,0.00016872037768058808
55759,0.0005871254022034967,1.5439877176089542e-05
400714,6.199573029503014e-05,3.167938928410376e-05
26085,1.4685800110106703e-07,7.6673195769187e-05
54925,0.00017483338328350286,1.6835335842379365e-05
51755,0.0002853320079793705,0.0002579634323796553
55068,5.2997246734508544e-05,7.85549074331133e-05
8665,0.00014821750703050473,7.372161954160268e-05
3077,8.2438239343203e-05,9.025145024323968e-05
84067,0.07347506461229054,6.340992072670078e-05
5159,1.4733913121469793e-05,6.931005487320267e-05
285172,2.37757909671903e-06,9.47626912081581e-05
1233,2.6711124826693986e-06,2.3151831624603446e-05
84912,0.06664439469396809,0.00020687813402380634
7323,0.004033155669636578,2.9578726655474508e-05
10107,2.5525655026935582e-05,1.5353329434891943e-05
148281,9.963486302391942e-05,0.0001573853524690593
54058,8.604071219587603e-06,0.00011481986462719323
89849,0.0003920914357174059,2.2379246826578467e-05
55898,5.341087404481972e-05,2.2611207266835653e-05
4133,0.00029219262178830946,0.0004189732766532546
23648,0.000140668398071976,2.9306866176255555e-05
84271,1.8554513703405398e-05,3.500161901812672e-05
114885,8.565634821302982e-05,5.1363486655961354e-05
590,0.0003550958227468334,3.579448056028914e-05
10105,1.3697756312685529e-05,9.933889082767542e-05
51655,0.0006572509909136824,3.0841322711086896e-05
80028,0.00028646945340985634,0.0004090499483281388
9064,4.8899529113072984e-05,0.0005412170335365139
55506,1.3832517148941145e-05,0.00015334678229825624
57674,0.000417464723518305,6.90576046012526e-05
8789,6.336461201117556e-06,2.5645291212801716e-05
25,0.0003365061352010641,2.02960020183285e-05
4919,0.0006907425686057707,7.204030255869687e-05
210,0.003519507965018196,0.00010959330807428049
57513,0.00017950070728884977,2.5327241821101744e-05
5777,7.51743038143712e-05,4.253938576547803e-05
51228,0.0008635828159727953,1.75498385434418e-05
55168,3.0363579448424337e-06,0.000324665694657187
4520,0.0016370654460763593,1.4574006623000438e-05
10813,1.3041672199739333e-05,8.347500594632974e-05
79717,2.2828907335346998e-05,2.076220235803025e-05
1725,0.041752703984730036,0.00039035544309631945
3884,0.00014921359157453823,0.0005010435648484447
54821,0.00013066878729127123,3.373137359621694e-05
9218,4.620725827772301e-05,3.280595319122107e-05
116143,1.6343779253627716e-05,2.1577357138784217e-05
64061,2.338034583738643e-05,4.282655176357756e-05
6224,1.0725115324250258e-05,3.163249472927704e-05
7866,6.336461201117556e-06,1.4404720624888371e-05
414157,2.299064527577778e-05,4.66574730884575e-05
3035,0.0020036690401195427,8.470757708015271e-05
8916,5.46960166669226e-05,7.350915194406419e-05
1743,1.8510695439142856e-06,0.00010281784045667317
2812,5.582200629233396e-06,5.7963838572176956e-05
392510,0.00019249551345759956,3.022439016402634e-05
8404,1.0309950329054224e-05,6.986787679653676e-05
732,0.0010039699599785079,6.744465944600049e-05
10397,0.00026491449376874637,4.555573371993162e-05
55806,0.00012577488963833172,1.771246538912334e-05
6191,1.4450740362974808e-07,0.00035760538571940145
2512,0.0003204395336195183,0.000471653080139658
6617,1.7634929313835562e-05,1.6729151822996346e-05
3987,0.00011956788286983048,0.00012282049037308873
7267,0.010054081538427209,0.0006355201099302796
8314,0.00044886476104848263,4.9907283746736185e-05
10630,1.0327403166930474e-05,9.183317438417037e-05
9576,0.00045042031244457974,1.639985271658404e-05
2583,6.916612296341585e-05,1.4993913871610426e-05
54850,0.05191357339264037,8.493818222845823e-05
88,0.00015593584272784072,3.858547827459154e-05
5158,8.633925181160115e-05,3.203438235338386e-05
2038,0.0001160766415244759,0.0001965663582009471
6810,0.040627777863986074,3.406791835855518e-05
51693,0.0008724269998226116,2.6396797097003497e-05
4641,0.00013089207226826038,4.1961419050033856e-05
29761,2.2926361099691012e-05,0.00019829225016067186
51599,0.0013936961268164539,1.894211789864221e-05
8664,5.12455074457373e-07,2.2054025917734182e-05
431707,0.032917394470063956,2.27614549395852e-05
79726,3.896647983465083e-05,1.5119337139098064e-05
3799,8.696774538034315e-06,2.8635861064752167e-05
388633,2.0829042192062103e-06,4.001818630190156e-05
7481,0.0009313240740210507,0.00021577108557656213
151568,0.00017029408084198117,2.0947731462583874e-05
6154,7.763912772168213e-06,5.316951334344152e-05
5915,2.651501792782502e-05,4.2335399905242114e-05
202333,0.000919927127467775,1.4415245507196846e-05
57592,1.282061927983032e-05,0.00045573989730892327
4613,7.836734028872654e-05,1.3984885810731305e-05
94122,0.0009275451123010968,7.962000663295388e-05
3831,2.3110092127945552e-05,1.8982908691924168e-05
6731,0.0011464154779574453,2.0990815091070408e-05
8241,0.00019553295335597183,1.4897681030648523e-05
9146,1.005565018588717e-05,2.062213000948217e-05
51324,0.0008968482722916099,6.38769553447068e-05
6426,0.000588782347171562,0.00010999146228048956
2245,0.00014124050740218987,8.241133349352916e-05
7343,2.5194853449488347e-05,5.9932735704662286e-05
30818,0.001839183742607603,6.608308611154508e-05
229,0.0003451122885765418,0.00042233820388513146
91133,0.00010506179647118407,2.075665486529057e-05
97,5.277368801140588e-07,2.4765566401790803e-05
11266,1.3562013283645053e-05,3.196223170017708e-05
6157,5.0395232671915854e-05,0.0001623281771543134
8310,0.001341504866318235,0.00017737130551343403
5959,4.548291904368113e-08,2.800210815705528e-05
2921,0.00010097950724676062,2.6218635627290164e-05
4670,0.00040140587043722926,0.00010594358931164431
166,3.169775659048044e-05,4.058041315493615e-05
2821,3.981822834531303e-06,0.00019462691740727836
136,0.00022416012440167537,1.4445584267628709e-05
9088,6.2159541800173605e-06,1.980014407436856e-05
65988,0.0002833929657978943,3.617313360915675e-05
84950,1.1793650346561347e-06,0.00029050841141456786
389799,0.008594675915042985,5.910222278350173e-05
5950,2.9698537442959606e-06,2.2409809389966825e-05
51028,0.000315804359639366,2.541715237432914e-05
84100,1.9070428980959637e-05,8.374160354463622e-05
10652,1.7740560511044235e-05,1.4742732939860624e-05
6904,1.406291411516058e-06,1.7807107046582384e-05
2519,0.0001384117330893806,0.00023619853631120803
51010,2.5933449763568045e-06,3.3235694470870475e-05
3397,5.480774881173187e-05,0.00013295479701111955
55773,3.1868558252570006e-05,1.819234891951167e-05
83752,6.448194164491354e-06,3.243909554826222e-05
64395,0.00019768965662829926,1.64759782299007e-05
1742,0.0013619296615081434,8.558092279178235e-05
345651,2.1102925734729336e-06,2.282837255544911e-05
5433,1.7651731987375442e-06,4.973758563781434e-05
5684,0.0005756839208847553,4.361592326507135e-05
64151,0.0002723239352450545,0.00022591351000011083
4939,0.0004195104549949702,5.1337453848471384e-05
3737,0.00010048184417783023,7.866274806253306e-05
54762,5.204599055207594e-06,1.69036058225724e-05
10350,0.0035023980047677286,2.1658733519604318e-05
5511,5.582200629233396e-06,1.412617234524776e-05
138311,1.1661041968943975e-05,2.1166556051243763e-05
54922,2.4960425904633818e-05,2.2735227881558504e-05
9221,0.00043908255353995924,1.3884442704888862e-05
54977,5.500303158728069e-06,2.139553222385069e-05
3696,3.514419794395773e-05,2.4258585938604237e-05
8715,0.0001140138160283475,1.4467450861328742e-05
4318,0.00010246043981916392,1.4750122504772115e-05
822,1.0348053577741234e-05,2.4528992283473006e-05
7733,5.941911283791009e-07,1.9532481686546673e-05
9069,0.010314032936056981,0.00016707031615381587
9639,3.502663918309362e-06,5.116534542204765e-05
9615,0.04653930226165856,4.7239064758193436e-05
4734,0.0002640813492743347,2.3011864017008026e-05
91703,0.00015335292572005068,1.4598481737310694e-05
26036,0.0025210921493936294,3.403155104250473e-05
79642,5.615841586718227e-06,5.146716118107313e-05
9419,0.00027043941672292584,1.5775132470468677e-05
7542,8.904231235918436e-07,1.4247527600728837e-05
3866,1.9265213885505572e-05,0.00011471986785761685
284114,0.00048490386663097425,2.49695700522993e-05
8050,1.8390733559336225e-05,3.099073110899951e-05
53919,0.00025009525086846634,1.628936905353495e-05
9054,7.416240008634293e-06,2.034654165963844e-05
89853,0.0006641847633305034,5.254600422458825e-05
4515,1.9440006426092362e-05,2.2741861749941714e-05
10131,0.03493432761628287,1.528403048871023e-05
10313,2.1158016435397124e-05,5.7839296807898496e-05
11072,1.814219499453851e-06,3.077686442041454e-05
2673,9.847336520159689e-06,3.029441175676132e-05
4438,5.017953771869725e-05,0.000119474776315685
10989,6.539722593407212e-05,2.862097893647187e-05
29995,0.0004894882319446533,0.0003541266722196932
6357,7.175587898987216e-05,1.9043334495896643e-05
6428,8.143141335298887e-06,1.4149845731756868e-05
1848,0.0008865751481751015,2.9589948577331423e-05
55681,0.0007746912220751719,0.00010638369279231165
6293,2.2059323950233883e-05,1.4668206921017626e-05
96764,0.00030292222272139917,1.4121598121589487e-05
64599,0.00033343729291937876,4.671244788273751e-05
57594,0.00048154187397379236,2.9881841556884313e-05
392197,0.0005960076279671842,1.4832787472140136e-05
64969,0.00044452715054320215,3.886657905858926e-05
55321,0.0022170364866647336,0.0011113622103200368
28955,0.03128987248554622,0.0002520235083361636
10562,0.0009263370580735335,6.663883698284495e-05
51003,0.0007440174388436336,0.00014339113606343912
4855,1.5323533941971114e-05,4.7836156781687656e-05
6909,0.002000713334049601,0.0005723306508711247
340205,5.107814630959951e-05,8.196489023467042e-05
138046,8.648800440478336e-05,3.111064744428481e-05
1355,0.0006707953862311354,1.5428622417928005e-05
65259,1.0836055502243747e-05,2.9477463988965822e-05
6921,1.5586132477432517e-05,0.00011981517230337569
2217,0.00048650002451604144,1.7998001727831575e-05
5607,0.00016789766303691083,7.66183337571706e-05
9446,7.276018357850164e-05,3.101238653372542e-05
55194,3.73434131752616e-06,1.593743982157929e-05
54544,0.00017401795960118342,0.00031585878444760634
440258,2.4046001840546832e-05,1.49538784854226e-05
55512,0.009518149837670116,3.835958975881458e-05
81618,1.5905382130180717e-05,1.5281998047424617e-05
1759,8.860060543065762e-05,6.688499081110604e-05
51552,2.6807159376117096e-07,7.387809608136799e-05
118812,5.589056006160138e-06,3.757896643630866e-05
129138,0.0003589621424699681,3.499936730569466e-05
94086,0.00021852454192687658,0.00030925700746019756
55602,0.0020305535288676303,1.9499646277016038e-05
222389,0.00019958235843037808,6.360154248382256e-05
5948,2.752751231441084e-05,6.486429925686614e-05
494115,1.8803060715103949e-06,8.96621244952739e-05
51018,0.0014996432032962253,7.414789224885606e-05
51654,0.00034171846418756347,1.2684866072743352e-05
2689,0.0023216332054601546,1.8230323867132284e-05
56122,5.095302838412977e-05,0.0001589528724147162
25979,8.268114652129263e-06,0.0001424959230721033
6942,3.142785484830235e-05,2.1882498162256243e-05
91942,2.3840984684495907e-05,0.0002523861910056287
55971,0.0004267616583964678,2.0354939107085375e-05
10683,2.415233904618812e-07,2.411263815255757e-05
6895,1.1054443790212865e-07,2.4696325637082968e-05
134637,6.454926133906006e-06,1.5825499811502202e-05
54033,8.864998829675124e-05,9.359154664165985e-05
112840,8.648800440478336e-05,8.581856860090834e-05
4759,0.00021771424375895598,1.8982712014556857e-05
93624,2.255252792527591e-05,1.4755689180500725e-05
84328,8.117274768434571e-06,0.00010519221835408607
201798,0.0005373558676952063,2.696270940567149e-05
58516,0.00011292336144198466,0.0001559523542956018
56944,2.092820923454163e-05,2.2838497680030373e-05
1671,5.79518259790751e-06,5.520035271290853e-05
57650,1.9564797277426812e-05,2.3585630476238984e-05
27257,0.0027847743979154747,2.055526428839408e-05
10850,2.2267829751545083e-05,6.621853500777397e-05
55863,1.1627573011913782e-05,2.6895602403353616e-05
9270,4.230154215222402e-06,0.00022158143540855173
4332,6.085778777056379e-05,6.042825319037798e-05
55437,0.0012297821180835974,1.5148678852818495e-05
3687,0.0014817471752925863,0.000251163470822334
8424,0.00036717219794325996,7.437480399081697e-05
310,5.5611117438941804e-05,0.0002703751594305254
1521,6.25219530986928e-05,0.00010589268894719069
50805,0.0006197216975535325,2.5898761197460334e-05
8564,0.0001490921968572255,2.929762625548771e-05
55,6.31662000850777e-07,5.793682246901981e-05
9454,3.7408540328560807e-06,1.6780371870845615e-05
55275,0.002856401704539219,3.38804035145658e-05
100529211,0.00015416703309475085,1.4402952836609707e-05
57521,0.0009694464488416727,6.403495837600894e-05
8804,2.0175186855647292e-06,6.048669663523666e-05
100287466,0.00016171476183850252,1.88831573896243e-05
116085,0.00024079881135664175,2.8127424281748407e-05
7316,6.78545960156208e-06,1.7702172275430833e-05
221662,0.00036766645335251205,4.305326237759884e-05
27043,8.063597220085193e-06,5.0900681067782944e-05
8861,4.828941401669628e-06,1.8143394308063074e-05
7318,1.3495642416886213e-05,1.5451659172586145e-05
351,1.4621765951372203e-05,6.004963629034779e-05
56474,0.00013644500795832544,0.00018502228167903369
23137,2.7584336992838307e-06,6.411962675904912e-05
3290,3.898092573107231e-06,1.4904077739925566e-05
1180,0.00039926215391268555,6.805848006834127e-05
4085,0.0004393457102818422,3.431517712723826e-05
50626,0.00040974495910514467,0.00021351335389635563
775,0.0001572288670890323,0.0001461352605892805
51705,1.904230158374861e-05,3.067001257194218e-05
6362,0.0001384117330893806,2.42771432392897e-05
254879,0.00010891778305360544,4.1157365735110456e-05
10985,6.69859561088986e-05,4.359599939236636e-05
83699,0.00011904651850471415,4.093813781853206e-05
8399,4.756230272073405e-05,1.9817686023124182e-05
147650,8.120843497433207e-09,9.95988748295637e-05
4481,3.118292646659906e-05,3.321617686502178e-05
57554,0.0007428459460902214,3.357888570221982e-05
10467,9.255245109113057e-06,7.464146100052621e-05
284297,4.184659923022142e-05,2.7257751949845967e-05
2158,0.000126434956029996,3.473566662082939e-05
3801,3.3033761559988954e-05,0.00012064914370090446
55844,0.027781270723829778,2.7167476202221948e-05
4060,0.00039290687378102534,5.256906282725156e-05
51103,2.650895653760329e-06,2.2294999960221865e-05
2178,0.0013001581139439114,1.4698924649273319e-05
660,0.0009157873876308599,1.547009118141284e-05
8996,0.0012098625611893458,5.3782001066418636e-05
90019,0.0007556910000460477,2.5987039419720127e-05
286262,0.00014099626516112974,5.639097403150712e-05
6230,0.0015917605038484632,1.534084671101592e-05
4582,2.1074293948321845e-05,4.030041772706316e-05
23469,0.00015831426683532532,1.4918717759059121e-05
26138,5.679794031788891e-05,4.456048712362677e-05
4137,0.00045470004861974836,1.8887660781276996e-05
27032,0.0013810074878998304,0.00017617626298648627
80789,2.1918737396466917e-07,2.1029093211260296e-05
84893,1.0043753633462345e-05,2.4661698744639772e-05
9890,0.00037892229428003953,1.4247527600728837e-05
23011,0.0056393738469194725,5.816575213094242e-05
84645,7.650863763673006e-05,2.5665537119898017e-05
4677,3.0477912787337207e-05,2.5933807678316007e-05
11252,0.0007794889154225431,2.194412239351188e-05
4057,9.356178992844487e-10,3.608195793215977e-05
8653,7.002685188080542e-10,5.005309486191926e-05
84167,0.00046486514022639307,1.613916048269965e-05
8803,6.624060185379931e-06,1.6236254795607673e-05
333,0.0022657409038583957,3.0757585217655366e-05
2521,0.00023712482752877108,4.273089234911356e-05
8433,0.013687891168607197,0.00023321722231993105
8862,3.8018773231920794e-05,1.5910986936349088e-05
10512,1.3114070517139515e-05,1.9819231005699142e-05
7036,8.703538098902655e-06,3.274955062919789e-05
25888,5.3565089347164764e-05,0.0003391258389655249
27102,0.0004753859587450776,0.00022097474966163922
613,5.294477138483946e-07,2.6803039309899324e-05
340390,0.0009675921674574675,2.989451465171833e-05
7022,2.8972863487004382e-05,0.00017310331028637355
11130,0.0003855776111735378,2.1040361003524348e-05
30062,5.7633673872472074e-05,5.250781816556008e-05
2065,0.0002993649527589577,3.0845534377919465e-05
4601,6.773882113652483e-05,5.6022086284570045e-05
9612,0.00020820660504904063,6.334703156777035e-05
8028,5.993067545389239e-05,0.00021909360847550876
157285,7.321335237612995e-05,1.624588924400801e-05
23177,4.7683008510993235e-06,3.225907953248133e-05
57698,3.198116312688017e-05,7.636173564005515e-05
26504,0.0007870952420686101,0.0003534898322326275
1038,2.623428168590174e-05,3.20213431075317e-05
63892,0.000763852860032095,1.7481832102146285e-05
55656,0.0002088263248001513,4.694473713774221e-05
55756,0.07724872977568562,2.3740819205806912e-05
22944,0.00041353361853391137,2.723501876313842e-05
7033,1.2362124313800683e-05,5.005271686618912e-05
1024,1.0832611317388059e-05,2.0159423924769218e-05
114088,0.0003476662310896706,0.00012830908716425843
51322,9.736742831300366e-07,8.978925166500565e-05
130497,1.539190262919134e-05,0.0009514048086116027
22987,0.00025258046417073096,2.2647548902186282e-05
4254,0.00012179949666774194,1.4655264598133911e-05
4090,0.00029327711468905084,6.708244426770398e-05
63827,0.000482900843829595,2.1929240921887488e-05
121512,0.0003749297963334245,0.00013973433344507944
3045,0.0010419961429256257,3.780269364826214e-05
11332,0.0006363081703810145,2.0967798802600656e-05
10000,0.00016011175420534932,0.00017334089830096933
4175,1.2057391933013808e-06,1.422085024264404e-05
152789,0.0005034173524258796,3.0022438766475296e-05
140465,0.00015510436942910827,1.4307757160118827e-05
3169,5.78128636274825e-05,6.25037469373789e-05
2074,0.00010001198925218886,1.4112654622688767e-05
644,0.0002512621753003608,8.312457359170907e-05
55527,0.0005762899787799016,1.4155289158445446e-05
64951,0.0008269160798851312,1.7490144017053146e-05
7044,0.0006913868921147603,0.00013228598262484493
8987,0.00012566838935803147,2.1654881754998487e-05
51147,0.0002086893729166404,9.738470423906129e-05
2644,0.0002917798071970881,8.684022845437934e-05
7053,0.00010041832032916285,6.399064450399373e-05
3558,3.6577393036837253e-05,0.0004108022942280319
27063,0.0003379584578491131,2.364268771610429e-05
55216,9.394174794198775e-06,8.552667078840916e-05
442868,3.296088262835836e-05,2.274587385881509e-05
642658,0.0029576272856059937,2.8136330049277228e-05
200132,2.2727064163748677e-05,1.71529261685439e-05
1415,1.2112600591041003e-05,3.845859423504496e-05
90861,2.1299252359453535e-05,1.455295483600974e-05
80183,2.7631110863308432e-05,0.00010690638962088304
84639,5.054782153920792e-05,4.345324265871309e-05
10059,1.575389487590055e-06,3.282501031304607e-05
55695,3.520609414333685e-06,3.490840239226818e-05
10207,1.0158038788563085e-05,9.154436843009535e-05
55854,8.690663384762558e-06,6.482299217154315e-05
6557,0.04036488705024025,0.00010552359001227107
83607,0.000566134274079448,1.7651473992205072e-05
3156,0.003229416430214079,8.539866091072278e-05
4162,5.560991595511142e-06,0.00012612542224157505
134957,4.894386510868736e-05,2.520663187226727e-05
2153,9.009232636662814e-06,8.48561741003174e-05
90226,5.3329849466023805e-05,5.667547733452707e-05
84651,0.0006745725502516066,4.0797579548823194e-05
10675,0.0007222575910327773,0.00010061381122973925
79587,1.2143673759923557e-05,9.740873431978171e-05
91404,9.98297128607205e-06,0.00010350212592844405
10157,5.879489564886443e-06,4.413365132727664e-05
10245,0.04581498230246826,3.133838339445668e-05
27316,1.0028997706671175e-05,7.910501191420883e-05
25874,0.00023916372108489977,5.9687952642207754e-05
2165,0.0009338830226648405,3.632662602594342e-05
9159,0.00026187148643334006,4.697975543697312e-05
8328,7.248228906751028e-06,2.4356443710866066e-05
4905,4.529354572437621e-05,8.482572643284658e-05
79171,3.542390742278627e-05,1.836758550370492e-05
29085,7.409039048333313e-05,1.5353329434891943e-05
84065,9.585527411681767e-07,4.126253610070533e-05
2002,4.042131434788251e-05,1.782091878004111e-05
85441,0.0016886322698119848,2.6212714631508052e-05
51213,0.0004099020263162316,2.8514329737669395e-05
64225,0.000311210091956766,4.6926689337388526e-05
84106,0.000185254623115322,1.9081050656023598e-05
55124,5.470796665148971e-07,1.4877726783818791e-05
2902,7.371601133859936e-09,0.0002186784557098799
170680,0.00025710468718996305,3.656648820773538e-05
3933,2.919334484378051e-05,1.754713131159031e-05
23239,1.8371450138283518e-05,5.2383194098352154e-05
6885,4.718028042230163e-05,1.968057462565266e-05
54874,7.158140273429427e-05,2.4598377180498274e-05
85457,9.787342636742292e-05,2.2455908126648795e-05
163033,0.0008145184734956985,1.775798880286081e-05
7475,9.664351666655293e-06,8.907751600099088e-05
221955,0.0003067869429908524,7.844932105968007e-05
9472,0.000536514882718945,2.8088883921361662e-05
197259,0.0018594498378102415,3.6771106910806316e-05
347733,0.003466232605831264,1.4001913903323116e-05
2826,5.522761409536243e-05,0.00022186485157504944
3106,5.79145309033608e-07,1.5184227580563561e-05
26046,0.0002821583111323973,3.435515527925796e-05
56731,0.0002127927817637302,2.0534412156989812e-05
3350,0.0003881258603289796,2.5889495051614396e-05
84775,0.0005598144948965181,6.99316035370662e-05
7791,1.9344921797468844e-05,1.4545945033689642e-05
255061,0.0002802287280582239,8.318825680392551e-05
6311,2.593127470408775e-05,1.75959366340155e-05
7556,0.004800962745484959,2.3072469457868513e-05
1877,0.00155827873718036,2.3281384526505133e-05
57679,0.048643643705200856,0.00016036737894157443
114897,1.4535053747716288e-05,2.9508673219444855e-05
2196,0.0002737463703595232,5.7314377192391525e-05
8754,2.1951915310106456e-05,6.781903675458559e-05
8324,0.05037716712550658,1.6010449117252866e-05
336,1.485960833957445e-06,6.335788249206446e-05
80129,0.0005551423986796121,2.5835782805800656e-05
9538,0.0005456128701868219,1.4742274740790414e-05
2268,0.00010318562996082983,4.573766365497868e-05
127733,0.0004471444965404157,6.653707091677604e-05
10063,6.472485097714173e-05,2.952685872730767e-05
3157,1.3910231451345987e-08,1.976558369639168e-05
6144,0.0001896113397276053,0.0001958769383626246
63941,2.0472279702873564e-05,4.068225237947893e-05
3624,0.00011754791998345302,7.152297393727669e-05
25953,0.0006692821372123812,7.437103793962102e-05
29934,4.896496619441419e-07,0.0006529965218282827
51046,0.00026197449736884435,3.0160958231430875e-05
1990,3.9223448123059324e-05,3.93307832871292e-05
64762,5.761764768477956e-05,7.16710543696085e-05
2110,4.627169232247592e-05,6.18841852516961e-05
22980,8.781934779943721e-05,0.00014961131731005783
23208,0.04025576421767104,2.493690837750356e-05
752,4.777905801597364e-06,2.030998958412215e-05
5127,0.0005379595589510483,1.427288544101745e-05
55666,8.461698243902827e-05,0.0002933957764250687
7001,1.702039492155806e-05,0.00015174842549214046
3140,0.00026303792874593274,0.00028757489182351133
55593,3.809687813691086e-05,2.2475337468387867e-05
9747,0.038977568098583874,2.644144489190189e-05
7327,0.00015334431529651982,1.783598383607949e-05
5617,0.0007883975401635953,0.00030624747627292317
3267,0.00047245036586010785,1.9856248249647656e-05
29982,0.0005958964406967929,8.068725294675723e-05
26287,0.00014878076556077663,6.212235525593125e-05
30844,1.6095728489516338e-05,2.6762575570913564e-05
185,7.660450951344974e-06,4.397508089880626e-05
4731,0.0001297413053521137,4.537171274143511e-05
10487,8.441001621578823e-08,6.91993728622263e-05
1998,9.642880270386128e-06,3.0243518995637744e-05
23279,0.0002773863077489134,1.554011264005557e-05
29087,0.00015252259142869564,3.910592380864928e-05
79784,0.00031662930880151677,6.197804051970376e-05
2567,0.0005522723980730324,1.5907271168545896e-05
440603,0.0011417149428736202,1.7688196236489448e-05
2491,0.000400536535151576,2.9427761351391445e-05
81853,7.349240087167466e-07,3.281240908651445e-05
54468,0.0006085960146174821,6.3484578944799e-05
6329,5.783378189937257e-05,7.354545087548078e-05
65250,0.0029735968225922003,0.0001472567638937489
777,0.0004572280532977914,4.339638973900891e-05
3249,0.0004754102421258373,1.5239012126740026e-05
1141,6.045834229194725e-06,8.488629267893352e-05
56963,0.0383490167045806,4.735727627729904e-05
147791,2.914110380042042e-06,6.884754589050095e-05
5496,1.300808565641912e-06,2.7065781097276946e-05
7351,0.0009643370343023974,1.8558170606156658e-05
25929,3.0508955806380635e-06,0.00018364655187167277
7586,7.718942519920345e-05,0.00012333959911357847
8045,0.00019326305585188933,0.00010103468210645556
63932,0.0015615647414606892,5.331989554856538e-05
64115,0.000647979039843502,5.47784681472858e-05
23163,0.00012274537319432804,4.6740237818810336e-05
6783,2.381616460325067e-05,3.1426543455554606e-05
80778,0.03894530508554849,3.307532221827009e-05
1066,6.2204551019738e-05,5.9458946613464324e-05
84878,7.432824803702999e-06,1.6029828811781215e-05
8220,0.0006727216783869637,1.5363128595769553e-05
92283,0.0003136640729685854,8.213794349188753e-05
10763,5.655100969310548e-07,2.2404164948346974e-05
2622,0.0003541341231163835,0.00011969350005081049
3070,0.00028063984400903503,2.3482495784400662e-05
2713,0.000370123563443957,0.00010735222121590075
343472,1.3583550710734146e-05,4.473593999978062e-05
1081,0.0002874649341540995,3.585810610810417e-05
3769,0.00017018067013431634,3.5026108805004773e-05
84873,0.000855779423768008,9.132575054145705e-05
387101,0.000170053098681679,6.734674762826331e-05
548593,7.806420294423698e-05,4.373222042270105e-05
54437,6.564198538486695e-05,1.5031506530779417e-05
5527,6.658579464697744e-05,2.05205389787519e-05
653226,0.0005592199277867045,1.5164127308701642e-05
6723,0.00015264807028783015,2.109897667686829e-05
4994,0.024407675712312754,8.712445424088324e-05
84650,0.0037659953329827107,2.3552365879457666e-05
154075,8.730144137572671e-05,1.628800629110446e-05
151050,5.1453295814881485e-05,1.3845566921610528e-05
4047,0.00012670680884529145,0.00036645021756499243
23338,5.4678883122912385e-05,6.253448564584527e-05
4335,0.001085993460508975,4.7271404978115606e-05
253714,0.0006436605864661811,8.026056077396437e-05
2904,0.0010066026136295357,0.0001774387490156078
10564,0.0003089429494013498,1.4843533267409214e-05
6016,0.00018894847325964977,1.731124012676956e-05
10627,0.00011184337500284263,3.6101576065239116e-05
80321,0.0009807446832480072,6.892223427993839e-05
4799,5.75968791558974e-05,1.713679327796913e-05
22977,0.016030169422600677,1.2953656178058888e-05
27301,5.549728886963635e-05,5.55524189097023e-05
80152,0.00040893999115482036,6.353100924443025e-05
8038,5.410119417659523e-05,1.835271969278588e-05
79960,8.424284050390573e-05,6.566643628812424e-05
241,2.0472279702873564e-05,2.565401348052298e-05
28989,2.05141576230353e-05,0.00012557489095819555
79864,0.0006181471013748264,3.7708425758886194e-05
8467,0.0016717840665786022,2.7226271151445792e-05
10474,0.00013063816877437762,3.8897165947826204e-05
6627,0.000133497791312448,0.0002888095770181774
6493,7.451119751192383e-05,8.926269715886446e-05
22142,0.00011634675284343396,0.00018702796222665673
23405,9.101651366527542e-05,8.481643909700506e-05
2865,8.330757290212049e-06,0.00016536460417293565
9185,0.0012483788635273458,4.425679918058568e-05
2324,1.0687974942669695e-05,1.75696428948053e-05
3234,0.0006142942129838899,4.523101714932548e-05
8928,0.03184073668036183,4.6983069536329827e-05
22882,2.2307958721069304e-05,0.00017624624545880196
10297,7.302733721037523e-05,6.579018483595716e-05
7692,4.639875121670563e-05,3.5821154100395816e-05
10123,9.739974692312592e-07,4.031918327940972e-05
2672,4.56298195794796e-05,6.038342627023471e-05
22992,5.718555035651867e-05,1.5444398597442867e-05
10663,0.000362603829035148,4.063721683700757e-05
140825,7.486089082902614e-05,2.9538765297031937e-05
10782,1.3979002313823268e-06,0.00042686511320191135
25980,0.009029007430511247,2.9875873304641162e-05
121506,0.00010333624420591396,2.4259198680666634e-05
2936,1.7606923636570873e-05,3.224885123101141e-05
3739,0.00021723302309152291,3.586988476465826e-05
55131,1.641390301494379e-05,1.554011264005557e-05
8460,0.00035623074464590453,1.4761324119955343e-05
27330,0.0006267580236827711,6.520980723361184e-05
9874,0.031213550516343013,0.00011187835901814272
84076,0.006251283487665014,6.204779937807271e-05
2357,7.5164492623234335e-06,6.05558694210882e-05
85019,0.0007667066564715134,2.1083389436180147e-05
8563,1.4792264474798595e-05,0.00010344504885974147
55663,2.1581519721520183e-05,3.95568669485538e-05
55644,0.0003889993680187357,3.4967800239472756e-05
5910,6.97356597740548e-06,0.00014300614229743883
23049,0.05306393247483402,3.406273333699409e-05
1435,2.4835924276155193e-05,7.998728928727571e-05
114791,3.9675477791270824e-05,0.0001481015529673828
8542,3.7138369775857994e-07,1.9042756928817044e-05
256281,2.416793621537395e-07,4.789828554809305e-05
157739,1.978189346535559e-05,9.261553797068084e-05
9731,0.0014687213283539535,2.4475269045292943e-05
9878,0.00031710881774982865,4.685479921067736e-05
10906,1.1633737416796998e-06,2.5043627678410808e-05
4225,0.00011561508781731842,0.00018450417974684463
10916,1.5591178347047608e-06,1.7401851138002578e-05
23429,0.0006033300543726977,0.00013829309434315118
25930,0.0003406728137999952,2.1976028787995707e-05
23484,0.00015386962219164098,0.00016638094721614072
56681,0.018568760380467893,7.756051312919932e-05
54751,0.0008104366353639624,3.1529569601791416e-05
55717,4.246878310542655e-06,1.930365507042506e-05
400,5.47244303840184e-05,3.3831914362586225e-05
51667,1.3455332719130797e-05,0.00013996633199920324
54510,0.00019022384098473175,8.049568564682048e-05
55037,0.0003299655853296812,2.8360509952967274e-05
128553,0.0010718830862505952,3.919536597891407e-05
8475,2.4654873539370634e-05,0.00022168713027453506
51412,4.84699246275142e-05,0.0002289722571284489
55102,4.413556834007087e-06,1.4557051676305206e-05
100287932,0.00038712105027754486,0.00013935938171586218
55230,0.04406173743936267,3.0015629979379366e-05
54971,2.0505232804140008e-05,2.197680288106205e-05
10623,1.0998531720656327e-05,2.9251355206370432e-05
23528,3.263977145766267e-05,3.512597532695881e-05
57617,0.00011719843861735177,1.558031047929069e-05
57187,0.017712214314379665,0.00011573394904755288
283238,0.0005382920122504302,2.359647157491175e-05
54929,0.04570444527490855,1.8471687798897396e-05
37,8.753457852493528e-05,1.693842637880366e-05
84312,4.5251346488584344e-06,7.155286943758614e-05
11159,0.0010134648742336086,1.628936905353495e-05
79081,3.378207837836738e-05,5.217297251197976e-05
10807,0.00014994061487658245,5.230929986635816e-05
9832,1.2984219807110608e-05,2.212558235923816e-05
7549,0.000696655889861852,1.5081204218049325e-05
3456,0.010123924708817745,0.0001180096700389222
12,0.00048644444986234393,4.8144667702337856e-05
3927,0.00048644444986234393,4.688850205901223e-05
23008,8.600068661448826e-06,0.00019949245744354082
3998,0.00032505507724388727,1.449218233643014e-05
144455,2.2197237572526472e-05,4.771868581615359e-05
51096,0.00034726908431835973,1.9223003885078208e-05
26003,4.363975546810173e-05,1.911070425577618e-05
6671,2.5425209216517376e-05,4.900825562107477e-05
2483,1.7167681267697085e-05,7.928311689359973e-05
55090,2.4992562829837922e-05,1.8259563703608805e-05
3170,0.0003915733192782368,1.4930193353361341e-05
9684,8.195427444633244e-06,1.592996809354904e-05
3371,0.0005643527933786696,4.2060682667727646e-05
10180,7.031898078744491e-06,6.217865362810005e-05
2976,2.902478441652289e-05,7.146139579388593e-05
7096,6.753485024698056e-05,4.7148721058047434e-05
11200,1.888436995208144e-05,1.386345302518183e-05
5423,4.083413869805295e-07,4.2820500440105154e-05
29843,5.141565400204692e-06,0.00015375972034532286
79058,2.6114126281007194e-05,2.302536324614185e-05
7852,0.00021750828931608123,0.00022495466102617553
7142,1.2740565817856487e-07,2.215131772968946e-05
51582,5.617462982575174e-06,1.4420429574362273e-05
5521,0.08043189833591467,0.00018301961095362003
3960,2.7708798100100063e-05,4.372070497565746e-05
57794,0.0014045646561605515,2.3999939093472007e-05
170261,1.2188913621810924e-06,2.538497964042022e-05
6238,1.363566676564537e-08,2.8553067302325933e-05
4676,0.0003080795782127231,8.617062263416891e-05
84306,7.331140473745993e-05,0.0006318496375401105
92610,3.3687429468191456e-05,3.6652073982775256e-05
79753,1.5323533941971114e-05,3.6652073982775256e-05
5252,0.0025592457993495513,1.46117487540604e-05
4055,7.005469172402535e-05,2.625688417886775e-05
5980,2.1520731816721536e-07,1.4885081151045723e-05
4695,0.00811345150140362,0.0001083962630403297
10939,0.005874630758483693,1.939079201592709e-05
4485,0.0008069518684347049,1.745946287397822e-05
6879,8.88276447251308e-06,2.6010954696448165e-05
2517,0.009142894678563851,3.0825660246183996e-05
10096,8.08151132364153e-05,8.796306932612042e-05
11103,0.00011063937919644872,2.0144753553782926e-05
9674,6.883825913914255e-05,8.90306093150346e-05
9873,0.00022314375490506698,2.5085619136346332e-05
126,0.0003096040904232267,5.9789971225506844e-05
8811,0.0001229699902130492,1.7405986826441685e-05
22836,2.3103340574833508e-05,1.8124188662351276e-05
6941,0.0003919209145186325,2.791867168661688e-05
217,3.833857330269247e-06,5.104624751938712e-05
116449,2.7402527617695715e-05,1.4581090852091556e-05
151449,3.220592053224532e-05,8.447412489053928e-05
1778,0.0031445958427274196,3.3539791529918844e-05
4179,7.741444188516439e-05,0.0013372101544241424
8437,7.778082595956279e-05,2.0323756976073405e-05
4650,9.893730024810342e-05,0.00043082611035283937
125,0.0001834454420757272,1.4006028522694929e-05
23061,8.500355551638505e-05,1.425348019749011e-05
379,8.67792826891033e-05,1.6535613888265112e-05
6636,0.00019856897643869809,4.1526179555736146e-05
3276,0.0025777589996363163,3.003068587855419e-05
53840,0.0006472518002467993,5.450842163355097e-05
29945,0.00019213278876133942,5.169544888577057e-05
6846,0.0001014103064215836,1.53513241144763e-05
55349,1.557333911500997e-05,5.9218569850525804e-05
27154,1.374943919377255e-05,0.0001256378765506944
2488,6.453454065939742e-05,1.9497476050450436e-05
79896,3.2470332550217845e-05,0.0002531081589867087
6139,1.8480311779523198e-07,8.744912153548343e-05
53832,3.820615536208927e-06,5.907704566683321e-05
140612,0.0013115544229686945,2.0500398805086926e-05
50632,0.047411457493541746,0.0006799354632200436
8938,9.39555522607121e-07,3.391854591085896e-05
5279,0.001358587383792902,1.4547391143026652e-05
55643,0.0007861894836357946,2.113247420227855e-05
3568,0.0002464059350228937,7.604701508033504e-05
10682,0.0005815201970609815,1.9556496043789676e-05
1128,0.03892724800388833,5.441883013468936e-05
23143,4.542334818934625e-05,0.0002697859404181065
22999,5.736147991632221e-08,2.776690882021975e-05
3021,2.2519124721465193e-05,4.071189074737988e-05
163732,1.5760570269795946e-05,3.1283500047247084e-05
8344,0.0028480160532205956,0.0002101202774682481
3163,3.0361567844620736e-06,3.244372865991747e-05
53947,4.1656593135783675e-05,0.00023668589111346464
2678,0.0005934152123647814,2.0371314983094764e-05
283489,0.0011066244425581117,4.970013648035002e-05
10904,0.00027154774476933916,4.4295093242017286e-05
25796,1.5161751936884458e-05,7.911423202898637e-05
9324,0.00031723912344973126,0.0001834851909307502
6237,0.000680429752824913,0.00022303375004470094
375033,3.6244109163731783e-06,6.403787659186796e-05
55906,0.02270252361763654,3.310546522935108e-05
8369,5.582200629233396e-06,7.090803349463405e-05
80155,1.4435442167084102e-06,1.4669492675199255e-05
10262,1.5445988164200032e-05,0.00011093525978868211
7851,1.8643536578553358e-07,2.0126578823758462e-05
5806,0.0017305689280041885,1.745755044862207e-05
83855,9.847336520159689e-06,1.5434683813430872e-05
3914,0.00022944617688306192,0.00021804944877378067
10202,1.4977009372089492e-05,1.8739986703321243e-05
22894,0.00047178396852069727,2.2842923997733526e-05
51645,2.398540823850228e-05,0.00013971283052216868
9310,0.000521282194926932,6.220326089218797e-05
55760,0.00010136937910380854,7.15263797515992e-05
9212,0.000838388115682779,7.883877601770666e-05
9988,3.433620990000648e-05,0.00017396161960411905
5325,2.5287830088066043e-05,1.7617190450388584e-05
57455,4.450975955171445e-05,5.2013264899831886e-05
8491,0.00020370410007271956,3.48907051146213e-05
22993,0.0004431726879544704,2.339653527679283e-05
4193,0.0002594402684320851,0.00010090518529683313
56955,7.891764663807837e-05,1.4989977066089462e-05
128853,1.700885392608187e-05,1.4104046442497752e-05
84926,1.5078019651345039e-05,6.858923391468148e-05
4154,0.0004698500584451089,3.1052782315053626e-05
91869,2.1216581194089334e-05,2.5341295466201365e-05
374291,0.0003735948612478555,2.848172450137804e-05
7292,5.418439859341476e-06,1.2722122007410781e-05
84304,4.173880752810346e-05,9.214240680291388e-05
2018,0.00015142492097823762,1.5825499811502202e-05
57147,0.0002454859380062523,0.0004512723218423011
391,9.323594836354312e-05,1.9043334495896643e-05
1758,0.0003495611171789468,1.504339872240353e-05
4513,0.00034094390448346715,8.270654651508e-05
84868,0.00043034573421170836,0.00014341402589564435
9829,2.2958939546954275e-05,1.5281998047424617e-05
55320,2.912365433798868e-07,0.00019469636047274677
29890,0.0533422676101163,1.8825154254622293e-05
4864,0.0002704153964334501,6.579914015342207e-05
728492,3.340626913569274e-07,1.4253320592154478e-05
3990,0.0002511193117705273,6.971878475935312e-05
4892,0.0003144065087628993,4.421858560398376e-05
1017,0.00041974946218749403,2.479705896292421e-05
10804,0.0002755573853195534,5.6964263658025946e-05
6128,0.0006723734593576667,1.4162914208397487e-05
134266,8.197531175258445e-05,5.2360307765154846e-05
1050,8.971077265444951e-08,0.00011887698431524047
124808,0.0014489819601423506,5.918875389917756e-05
10803,0.023470434634189213,2.050374175882288e-05
147179,0.00018919012349928745,3.296434699857312e-05
51061,0.0030420682028145084,4.8288026701491e-05
386684,2.5412776490808924e-05,3.796819122418614e-05
84058,5.1859880505307594e-05,2.197933107141162e-05
10527,1.1869670275115223e-05,1.436960104469616e-05
5019,5.582200629233396e-06,5.340455986493933e-05
28513,9.775225798466043e-05,0.0001462443080827541
23411,4.5719970778201255e-05,3.571201666838982e-05
6638,0.00852449881782294,1.6410277469978363e-05
4288,8.554988756685578e-05,6.107611951890097e-05
282617,0.00014510973285924048,1.9014626804165122e-05
54976,0.00013060917457387343,3.8042191541264186e-05
7529,9.563094872588984e-06,1.3849637878735108e-05
404672,0.04564416460256955,4.418571303910458e-05
54606,0.0002707037036161068,2.2244356017351554e-05
6699,2.6023264034447337e-08,4.361324341305393e-05
55629,2.212765078196083e-05,0.0002841729148777529
4675,0.0011443362085296553,6.754190982722198e-05
6399,0.00026132118566076965,3.167938928410376e-05
4833,0.00015656527488430922,1.2662721146052945e-05
56927,0.0009280902402883424,7.985682185017746e-05
341,6.566486539481323e-06,0.00013600567542427025
3805,0.00028212221673563475,2.1123139814241264e-05
155006,0.00014637429674850858,0.00010297731491462769
23224,0.020104523589380814,3.4136227897549146e-05
115290,0.001050368094001803,2.5654700012765688e-05
23552,4.707693461647329e-05,0.0001859172448729944
7181,0.00013090274292751856,0.00022756179254286357
3985,5.982672138047722e-05,2.2917983416281565e-05
253430,5.261248597207277e-05,0.00025047279304711166
6048,0.00048572345777194093,5.4576738480426394e-05
7020,0.0013749841218278418,1.7414250407669893e-05
84959,0.00010371489603035154,1.8164868429451456e-05
4059,1.0028997706671175e-05,1.9043334495896643e-05
5350,0.00034522440942330015,5.107527549001127e-05
10406,0.0003265022069606941,4.47556756563274e-05
1238,0.0004228679959179594,0.00016186913380134246
976,5.6025403958068926e-05,1.7015247064373333e-05
9827,1.839224197912568e-05,4.426278518313898e-05
389434,2.4697325236609784e-05,9.30649319899141e-05
10318,0.0018683480819669859,6.44093684624749e-05
10291,3.6931323509810957e-05,2.767214267173123e-05
6519,7.946099274257374e-05,2.560784499168644e-05
9891,0.0010566006436143374,4.2574916297129354e-05
11143,4.2150645015385695e-05,2.571191134059133e-05
699,0.001246168103906338,2.4219867585709844e-05
57326,2.6891950326343278e-05,3.421504310498783e-05
79002,0.001142945952718659,2.0962359294790785e-05
1428,8.434722940677797e-06,0.00010962575473371318
11320,3.567583506263266e-05,2.496540712506233e-05
85378,8.10910533502818e-05,2.5302242368445777e-05
727800,6.829237385544731e-05,1.3122350891547346e-05
51263,1.1645899741199213e-07,0.00029819079187541825
29785,0.0010140915751546081,0.00010521192003130809
6397,0.04325769333405127,3.2839324050870225e-05
55835,0.00014733474163145432,7.020130156852104e-05
63925,0.0007639382447822788,1.429730938272906e-05
84807,2.090148598212528e-05,4.069545537842425e-05
79868,1.844775461056104e-05,3.4013980055296136e-05
440822,5.5121984517295265e-06,0.00013734635928941375
5077,0.0002803452771830709,3.381277452712782e-05
9563,0.000651884121872147,1.5184227580563561e-05
4791,1.64570367374669e-05,4.103420533917271e-05
55260,4.4987006941681573e-07,4.4091335436882537e-05
29919,2.2571847691376177e-05,3.566468790026464e-05
23070,4.7171889158384583e-07,3.541292085437969e-05
55790,0.02476879365292868,2.5363524150633704e-05
10401,0.0006945808028192223,1.4382091584460682e-05
55015,0.0046006482493319316,0.00019584761637222493
9463,0.0015896374939504702,3.7023225481496235e-05
6102,0.0017898480931310486,0.0007892369418469935
10771,0.00015864987943354678,9.754912480027832e-05
57863,2.0189548810320833e-05,3.476947817941162e-05
7508,5.776955302382664e-05,0.0001454276417109717
4299,0.00017023537699863064,5.821668583415281e-05
102,0.00022597515458314428,9.840450913470192e-05
8427,0.0014059144933400108,1.4926479139416134e-05
64130,0.00011833368102607645,2.7191987493507427e-05
80146,0.0010074944784072548,2.964290727563307e-05
6917,0.0005014018633607724,3.552417168240667e-05
3040,0.000487021339339867,1.9416223146878127e-05
4191,0.0011588061021717629,6.135407974241656e-05
23253,0.00013649788547377182,0.00020322087309028287
1056,1.6854245358262507e-05,5.340108912857958e-05
3763,2.0472279702873564e-05,6.356609229757854e-05
8565,4.644322537885713e-05,5.230193949357457e-05
57488,4.598127888922123e-06,2.9770893354476747e-05
8795,0.0005248393022793487,1.54085551339827e-05
10345,0.00041539023938985014,0.00010876001087286826
11165,6.9635473284279245e-06,1.4761154422350264e-05
53353,6.069821372171648e-08,6.359641081053128e-05
347688,1.0355131323083094e-05,5.5588578257526956e-05
90293,2.05141576230353e-05,4.7847452833150654e-05
25915,0.006563471859855513,0.0001280337486449107
55109,9.146794675031916e-07,7.009312262608643e-05
27129,0.0001928577530479105,0.00029859097161983813
934,0.00028892704029916203,0.0012817245577369542
8812,1.3937341660412497e-05,7.139632534811803e-05
6229,7.681356780805588e-06,3.275442130241747e-05
114971,3.0361567844620736e-06,4.3325348640025056e-05
644890,1.955455899187993e-05,6.115204217101031e-05
54826,0.00020447334900072667,6.620764432715184e-05
8120,0.0009717398686445668,3.3146327084613806e-05
6663,0.00021305131020531897,0.00012094182025908108
27036,0.0003224745454090601,3.615726861808469e-05
80025,1.5586132477432517e-05,0.00022199922812792713
9892,0.0002903730581402157,4.242365291369019e-05
390226,0.0005366763568417307,5.893733786127908e-05
1999,1.0709018342598464e-05,1.596323510107142e-05
8349,0.0009887574655061283,2.733988444856006e-05
9755,0.007000360737942188,4.508044225544371e-05
2100,3.6194414268058046e-06,1.554011264005557e-05
929,0.0017710958466815928,2.3021561175882644e-05
23300,0.00042601012599141283,4.116888569193609e-05
27352,2.1123248550136786e-07,3.423604566000604e-05
79652,0.0002700178966891689,1.4914266006319378e-05
115992,0.00021133325853971434,0.00019751131104764805
26276,0.00011548540702323591,3.476670376728989e-05
10380,0.022913715048613725,2.8806621522101405e-05
5036,3.594868521880004e-05,1.5185828311461133e-05
5583,0.07443206340540855,1.4761324119955343e-05
220963,0.043889516291298065,0.0008931459326018963
51550,0.0010274300453999136,1.9139909749206484e-05
9784,0.0004881355252534206,2.7531641122029805e-05
26227,0.0002581483866046962,4.6324510253607954e-05
57216,1.644850454023022e-05,3.184856184505739e-05
26519,2.3711920440851728e-06,2.670212394047743e-05
6759,9.414427500153348e-05,1.4989977066089462e-05
55209,2.010192415113385e-05,2.571316036051564e-05
1728,1.834929700372052e-05,4.5881327441224624e-05
80762,8.795263735635892e-05,3.3659111045538945e-05
11075,0.0002180863256194676,1.4715398366761318e-05
10879,0.0011165761274971552,2.665466375509221e-05
55718,3.038755591488018e-05,1.5825499811502202e-05
282809,0.0002355953725692168,2.4524055746911005e-05
10128,1.0183063764934316e-05,4.7561811143286004e-05
8089,1.3074754309926557e-06,1.505986491070542e-05
5739,0.0014328582659877533,0.00014189577986416018
3010,0.034753004578632465,6.860132836103349e-05
1293,0.04104821446783499,1.549320981697009e-05
23002,3.462237331938895e-05,0.00013244521409393228
2934,1.3174195336133243e-05,7.253458746757703e-05
11097,9.906243159822292e-06,4.880799351990107e-05
136051,0.00040234490081351884,1.3070594644697332e-05
119392,0.00025258046417073096,8.84775120471025e-05
55636,2.973561576048545e-05,3.616242892198819e-05
5298,0.0002545701049542609,7.696248177383468e-05
23172,6.787939748645488e-05,0.00016947549609825063
84516,2.413138187926845e-05,7.718866133058648e-05
9657,1.6366638845872455e-05,0.0004631405304822098
3297,0.0010134003870101132,0.00021727960771704093
51086,1.2147356157253898e-06,0.00020160473046943389
55843,8.237442856650981e-06,1.6565786945350126e-05
164,0.0017810764860401098,1.8032594241230624e-05
253558,0.00016768869262314169,1.4643075632396649e-05
23051,0.000106293483607066,2.7384559632951424e-05
7750,0.000514520454108422,6.571781451081713e-05
3158,0.0033742306472591545,4.894677914273992e-05
10902,8.170761452226238e-05,6.332202595467438e-05
65992,7.466098640630477e-05,3.583584696352414e-05
11321,0.0019152215845374871,3.961782098959143e-05
56648,0.00022756092423883626,8.472327152012444e-05
123920,1.6800264631693503e-05,2.6886486342994343e-05
56157,0.00010768153720249451,9.047830788813126e-05
2081,1.9440006426092362e-05,1.6408262078619592e-05
2332,0.04688933314912094,8.791924074302764e-05
1030,1.970873989743636e-05,0.00010456437149040958
9519,6.455264558555183e-05,0.00088037263224588
3217,0.00024416754107654234,3.4124476920200754e-05
59277,1.443323281470739e-07,2.0169891225482786e-05
90288,0.0004192367910073267,2.6234944077936225e-05
1674,6.438446905573536e-05,1.3994169472283861e-05
9908,0.0003131445542565128,9.493517352418939e-05
116988,1.0652868410295873e-05,1.455295483600974e-05
113189,0.00011273778308616299,8.045078275776898e-05
23413,8.210924138082864e-05,1.898468780522181e-05
2939,7.457617482465371e-05,4.317617371488267e-05
388697,1.2209150775724716e-05,3.994430636262909e-05
55737,0.00012309989997515405,1.558031047929069e-05
6601,5.167692060644816e-05,0.00010060427455426722
7812,1.9440006426092362e-05,1.5739051876200705e-05
7070,0.0003017841271774536,7.214547772212238e-05
25814,8.854564454308626e-05,0.00021606863879189628
51567,0.0001067201574565575,2.723731207489801e-05
2202,9.550431253028972e-05,2.8804517555192013e-05
6468,0.002471641081208456,0.00025026495616213573
196,0.00015460076811190326,0.00031264608940384866
201254,0.0007416417278018925,4.119855044147376e-05
10152,2.0742557123972886e-06,3.720642295991554e-05
3400,5.279361031346014e-05,6.140186926128135e-05
3476,0.0014407437574267144,8.121956639175146e-05
10541,1.0028997706671175e-05,1.947990053619623e-05
7466,4.4697522663492756e-05,6.345110815506062e-05
2992,0.002770824924757914,1.593743982157929e-05
28825,0.0002575395745125345,0.0002512270070182169
51316,0.0003757345006372722,2.6111277664949892e-05
6324,0.0009699142895013023,2.5163133418286547e-05
3957,3.954830793406212e-08,3.833379639070198e-05
23542,0.000720524821184759,3.44633737252776e-05
79977,6.460758396383542e-08,1.5012492652837817e-05
6754,6.627205329749377e-05,2.1883212140488926e-05
55605,2.924837092926058e-06,3.521173219467415e-05
6526,0.01978144497913837,6.0007460420000706e-05
4088,2.19166210285874e-05,2.2458441402375264e-05
950,0.00027405520404720436,1.4218949504290553e-05
26057,5.847709233081277e-06,6.133938923925226e-05
5395,0.00014630327895743742,3.0447673279118758e-05
23037,9.709943989313129e-05,1.593743982157929e-05
2760,2.8608924600587445e-06,9.946188565887872e-05
84677,1.086389366018993e-05,2.0459476277906005e-05
90249,0.006980217776722346,3.8691789523295394e-05
10549,0.00018402070970138852,3.9181951203916566e-05
23075,0.0011196617878305663,2.608885741637931e-05
221302,0.00021347261459566687,5.0220954679586494e-05
6792,2.1158016435397124e-05,7.516039933028365e-05
199692,1.9600936651561296e-06,1.5137809850309905e-05
55012,6.7879398225347765e-06,8.115676157981224e-05
50852,0.0003089466414405277,3.8619708118019954e-05
3306,1.1722400202354194e-05,0.00010919917758388376
80135,5.13119638765362e-05,1.5184227580563561e-05
6801,0.00018625164557001952,8.833953250070044e-05
3084,0.00024977498792025263,1.96418346274132e-05
417,0.00014318550135263068,0.0001483370323422563
9796,1.8439892389266909e-06,2.2697357593043402e-05
3556,5.6507337987832024e-05,3.196403827435884e-05
3141,7.193243473092612e-05,0.0005052911407634311
55051,1.6247399270317367e-07,1.3607219314489861e-05
10556,9.98272402779933e-06,1.9955307715325674e-05
51382,1.5629345140273263e-05,0.00022399985311152956
2072,6.079207115578017e-05,2.1541155711159118e-05
2793,2.8775175462479713e-06,1.72875666094253e-05
3183,0.0021474411569517003,1.521174473523944e-05
1994,5.5409758468717416e-05,6.114541248463823e-05
90933,2.232413921943407e-05,1.9701026196695248e-05
440264,4.0420490611712615e-05,2.516907022929919e-05
4320,9.767225243287608e-05,1.5303604436914222e-05
4200,2.725618497925981e-05,0.0001692303061090205
4624,0.00036935973357963946,1.3270418582252854e-05
4901,2.4318866500973394e-05,8.436145586190296e-05
10214,0.00013937249778185848,3.656093941069539e-05
728294,0.0002149443675170848,1.49538784854226e-05
51703,4.971617194427551e-05,2.3902175010155405e-05
121536,0.0003607358415057833,2.5441151049434146e-05
10423,0.00014690370698387426,1.4463981173455406e-05
23095,2.5442923249161002e-05,4.494045725743419e-05
23140,6.534857599408797e-06,5.405378940105691e-05
3949,1.0561718669694935e-05,1.5881971077512753e-05
3483,0.0004320817170771904,5.3601348042238554e-05
22953,0.0014407437574267144,1.5975281587618517e-05
10383,6.520724228995531e-05,1.793719907401097e-05
3312,0.00012221621270950043,1.3977354533597972e-05
6949,1.4103022509666244e-05,2.9750342120503932e-05
54904,0.00016123811089911174,0.00017523809846607495
140432,3.668423448212977e-07,5.178838039496046e-05
440093,3.744036732945185e-05,2.7270546061350124e-05
348,1.8171375727184123e-05,0.0002651281910538786
9665,4.882281350092355e-05,0.00011413757739906637
9380,1.9739804908148294e-06,2.471283528497951e-05
201895,0.003220161374503022,1.9746841592667782e-05
84525,0.0020901643667284465,6.645639820756214e-05
1388,2.963871666610322e-06,2.8956734072386324e-05
100506164,9.13459852337121e-06,6.28909977935085e-05
9131,0.000649845412853828,2.79787231445121e-05
64747,2.7355203728127973e-05,2.3779212969060624e-05
5146,6.759022463891124e-06,1.628800629110446e-05
3958,0.0014128612955015554,3.47374165356505e-05
7174,0.00013654887647690072,6.794967574390294e-05
133015,0.00038969865144343414,2.0489859829202744e-05
3835,9.722924281488289e-05,2.777427316951166e-05
1025,7.106432663849716e-05,1.837221129670596e-05
4946,6.805525078793042e-05,0.0001626519886919395
9918,0.0008185447599885608,0.00010919917758388376
8826,2.2016713047670477e-05,1.7413151598490845e-05
55743,0.028929688639187327,6.024174424835567e-05
84281,4.2112322156600014e-05,1.9431307899875335e-05
84218,0.00036735627611684185,4.365108268476419e-05
57165,0.0005831276432986273,2.2643616995882923e-05
23524,2.327393891682901e-06,2.1927896788363745e-05
79072,0.000422215424924171,3.7166865100411706e-05
1009,3.0276769857717953e-05,0.0002110404265023579
15,0.0011234566804556741,1.4744821888776578e-05
51301,0.023981407192428566,2.929958128591721e-05
84154,0.002797602543275995,1.5501941717783956e-05
3061,7.976910574661076e-05,0.0002716430797226619
26517,1.02228285926884e-05,3.210508862108052e-05
6263,0.006161196890884499,2.52522713780212e-05
54918,2.9667823168182387e-05,2.2900520404144132e-05
955,3.693261242816401e-05,6.767230549939611e-05
81609,1.8342741600390153e-07,9.879867422059045e-05
1203,0.00029103481271792195,7.362559134882826e-05
51778,8.401789221663563e-05,0.00018514836712013502
200523,7.353712636984271e-06,2.7131602864030983e-05
4635,0.0016759841405700924,0.00014735252478307654
3455,2.2774015014332055e-05,3.162233211875197e-05
4610,0.0003076043598129406,2.38487553799519e-05
23092,0.00021411015487857513,1.7312911777465875e-05
22870,1.9440006426092362e-05,5.4097822876199526e-05
9500,0.0008917767890099843,1.4335624571913388e-05
54941,0.00638285551757406,4.922909184998634e-05
5214,1.4986823903302169e-05,1.4020023970274848e-05
53340,4.6076498134048154e-05,3.3946715874261444e-05
1160,0.00012196262707609939,2.4870791889456004e-05
8360,0.0004209555493811172,1.6901650891691842e-05
55510,1.406291411516058e-06,2.7296971043186507e-05
51102,0.00012131341371777562,1.3877209051798748e-05
81608,0.001901544787820969,0.00018307357160977691
55252,2.63275301446813e-05,0.00011360186298952348
8915,0.0006951602081584875,0.0001513644187723525
64902,0.047730988229672956,8.656348594907065e-05
60598,6.4772329524330605e-06,1.4798824666548729e-05
9514,0.00027482956378983104,0.00039412434757104696
84643,3.8229273833364705e-05,2.3348564359315893e-05
79991,0.0005321431785838588,1.7463405729636356e-05
4637,0.00024928172294029423,2.1361256283499547e-05
9686,0.02616112787913376,1.73575808080894e-05
8688,3.230167503612646e-07,2.472569075318178e-05
122809,5.057980011219888e-05,4.444005415814761e-05
255877,1.0730394514969154e-05,0.00018974570238090746
26953,2.57594190855404e-09,2.883960364752466e-05
64764,0.00230559404163373,2.0392110986912488e-05
221241,0.0006879507837142146,3.5462431074565665e-05
79711,0.001035830539141356,1.593743982157929e-05
140801,1.3986198137005519e-05,0.00018129832423029562
5110,2.2968674760775433e-05,7.248458770593763e-05
24137,7.04911351423205e-05,1.5568064937661386e-05
50854,8.609557134269116e-05,2.1654091585382446e-05
84920,1.620943577701061e-05,4.7578751114726444e-05
7104,1.9049024447264302e-05,0.00010556460803189803
4660,5.674959475238091e-06,4.2609814693183444e-05
7372,7.541141744321922e-05,0.0001447258213662315
10026,7.96098718470109e-06,1.4520968441548475e-05
10581,1.1404452939433557e-05,0.0001427203501964052
112399,6.746724025274781e-05,0.00024482819803812815
26049,0.0004223729146217124,0.00010396025394289778
81854,0.00013377984201207388,0.00012840616850062805
83473,2.064418507416241e-05,2.4420463662305022e-05
55558,0.0002615051295316377,0.00011586981440890873
8872,1.5116995099135963e-05,1.26269430076406e-05
7803,2.8960794083188583e-07,0.00013511925278185107
100294114,0.00010225644289075921,5.466547651789879e-05
79998,8.423193763400236e-05,5.007729187694755e-05
5903,5.027757557731452e-06,1.903292313942518e-05
93034,1.5323533941971114e-05,5.390118427052108e-05
7942,2.3067022391793288e-06,0.00014328961797108818
26827,0.00016515889764525155,6.491313479658995e-05
93986,8.847074532371784e-06,0.00014706503540225035
51661,0.00039176971533514147,1.4534345953338767e-05
887,6.375857681775851e-06,2.526453786264217e-05
57010,6.428330104226026e-05,4.30941856873625e-05
54499,0.0002200694059319637,8.856933721037399e-05
171017,0.0004047322833219082,3.117756934347263e-05
6374,0.0006180496485273244,1.880180505210577e-05
51592,0.0001160495145498994,4.011532022494594e-05
54680,0.0031287057618206117,3.2486128871441554e-05
7957,0.0003148538912495888,2.4299637473334772e-05
6665,1.0859541394000307e-05,1.8467866371516837e-05
2189,8.423394540526056e-06,3.4191267537174514e-05
554313,0.0011106173924448077,6.305364969409398e-05
6992,0.0011517710590342929,4.412633392817535e-05
2494,0.0002809601552025222,0.00014734937901207795
5075,0.00012560104807887793,1.4707397608784676e-05
283464,0.00012295837778201994,7.289887513257073e-05
64388,5.925731101657104e-06,2.0600542577826326e-05
83937,8.896719400590481e-06,1.7186811903169947e-05
79132,0.0005074626430292921,4.081528456505524e-05
10677,4.44624568296249e-05,2.4946304443456222e-05
2899,0.00048011809742068195,3.944437210294357e-05
26521,0.0001102937437457022,5.555408457680071e-05
6418,0.0003117990563054545,2.1049131296563677e-05
84305,2.321436172930159e-06,1.6613065681248267e-05
6372,0.0007464700821383506,3.376081817878967e-05
65059,7.261014551117913e-05,6.047159177629416e-05
79763,3.3152211668837504e-05,1.4699163128014463e-05
10456,8.199892913997758e-06,2.053241715479567e-05
5345,0.0005163887256919539,4.7969013005071244e-05
1485,0.045644027118433496,9.12947299209694e-05
79618,0.00010411019356241443,3.907312620621242e-05
1139,0.00010705412795638391,2.3894792575435233e-05
27229,0.00029161035787322854,0.00012264118856158257
55217,0.0006225372246155624,5.296414869969369e-05
9429,4.83549311296248e-05,1.8699655929565598e-05
84626,0.0002990254119166195,2.580297214732136e-05
728,0.007843821920731417,6.040660990844369e-05
145781,0.00011953582928403555,9.370994070622847e-05
1650,0.0003525220852140495,6.583709639463315e-05
25792,0.00035790663525831574,3.711268188943699e-05
6835,0.0004556689057729089,4.367820841172739e-05
9315,0.07249802343232685,1.4092875387525422e-05
144717,7.827519010599216e-06,1.4545945033689642e-05
10025,0.0005000022482289447,3.7387112312807295e-05
943,3.169440651379798e-05,2.1568456892387748e-05
55998,4.3963336930193055e-05,2.1693421190869854e-05
8772,1.7018734783761236e-05,3.44873987861418e-05
55094,0.0002559061867659053,3.337558129816425e-05
63893,0.0009985074271392637,0.00011157921605930343
7320,1.406563045606513e-05,2.1640658430350467e-05
2635,4.322520975080259e-05,7.855516108421907e-05
382,0.00030533826852830744,2.2882161495212438e-05
1292,2.9345227386466194e-05,1.4380226695540474e-05
51537,2.3866108673220837e-06,5.143333490917308e-05
3699,0.001399400482798357,1.4479642550309497e-05
27341,0.00020823430502495995,0.00021275410242513676
4359,0.0007885737147841907,4.362507054282817e-05
57135,0.00010033440878787957,0.00020070632617610776
2261,9.136840527538927e-05,2.198159558928075e-05
2315,0.00032150150826023243,0.00010512202442027816
150082,4.082010053766422e-05,3.0039704262233683e-05
55249,4.490583507238189e-05,9.414752397214684e-05
23036,0.000932755143597761,0.000610778271169239
4914,0.0007906701838743056,1.489841387615615e-05
801,0.0010508428690909747,4.556279235460821e-05
65062,3.6086166375732767e-06,9.95719045113572e-05
6703,6.389257484577763e-05,5.516695142859554e-05
84856,0.00014794733787481854,2.6524962840218225e-05
55841,0.0003517785928225167,5.0539990214925774e-05
4830,0.0007576392610819669,0.00022804418407417046
55845,6.638007586924522e-05,4.624623695380522e-05
898,3.802354986773841e-05,8.668762108844434e-05
26235,0.0003468853091512658,3.4696825453248555e-05
54927,0.001136953938398533,1.7793057491243303e-05
9782,0.0020669028856706807,1.5617569065894846e-05
55454,0.00041468679502969176,3.796329537546256e-05
1410,0.047640503168267505,2.505875342099022e-05
116328,5.6437263152371864e-05,6.140489310911924e-05
64699,5.4203727657001395e-05,1.5391707346089984e-05
64318,9.8032470659127e-05,2.659020539342976e-05
5601,0.0003450255403985532,0.0001509144732204055
22794,0.0003506402750866767,6.783455038407613e-05
5283,3.3724193469080423e-07,0.00016625643478147868
924,2.468819380130545e-06,0.00010385122424473246
54495,0.0002728642444697559,2.488874634303997e-05
117579,2.884143401360092e-05,3.528426538883968e-05
3301,0.0004978573740985199,1.4472591104705063e-05
1192,4.0230175408182824e-05,4.9069537572732e-05
7297,5.5761983071348064e-05,8.35549038501537e-05
100129842,0.00038809388180133253,0.00018007629714246646
4808,0.00014651487707027317,3.242547741611004e-05
84171,3.561079658536705e-05,8.426005995998691e-05
3675,5.308332664304442e-05,0.00010014256805417158
9695,0.00025787124773096287,3.8936540865059975e-05
164153,0.00011518668764896116,9.66729958656302e-05
55266,0.025306396687716035,4.689538473112471e-05
55023,0.00027309462179376625,5.180192313380473e-05
25972,0.0013044228153860366,0.00012116086856536988
54531,4.1944216817322265e-05,6.753914837614831e-05
6317,0.00013279660390868236,2.1375304161694137e-05
5893,4.7308681229712636e-05,2.191029186282175e-05
79364,3.747408339808075e-08,6.523965913360108e-05
5094,0.06690563040442876,2.9132806959239398e-05
285025,1.6856369863159454e-05,2.7514265080271645e-05
55872,0.0002551851414408865,0.0002893890144178101
11313,3.62652756730885e-05,4.491728798137143e-05
83999,0.00017870813743381232,1.8914210871619525e-05
27158,5.099310474267119e-07,4.8488384477469556e-05
11187,0.00065400780961662,2.5058236579675575e-05
10733,9.560643586722039e-05,1.8471732485821685e-05
166863,0.00027727970220414126,1.579795308501912e-05
319,0.0005024577963090142,1.5208510797194903e-05
7419,0.000279317475082756,5.30913887468715e-05
9369,3.168421579794052e-06,2.916997542947964e-05
7979,6.49119635399233e-05,0.00015141122806382827
63923,2.991761085075534e-05,7.127137061907321e-05
9989,3.039993787392136e-05,5.591353053172725e-05
1264,0.0004046854032541234,0.0001177664691516555
1523,0.0004158940044489592,8.60392883237061e-05
54820,0.0019095590220875364,8.141240668482991e-05
23041,8.529283569420331e-05,8.327955228166959e-05
79948,2.8536892310248303e-05,2.721219657057197e-05
143684,0.00011495766780319767,7.763032315873708e-05
11279,0.00046170885941628626,2.198572847508936e-05
285590,3.4676775353112265e-05,1.6671719570480878e-05
816,0.0006152475635448745,0.0001891945842539262
57492,2.668252296473065e-07,1.8060621517297517e-05
51535,4.1218951201900676e-05,1.540225798837154e-05
57178,0.00012526542743918022,2.3050378547210916e-05
9173,4.216207617262819e-05,2.8672630516729836e-05
7195,2.4493484680344442e-06,4.137179318524229e-05
100132285,4.029732542844066e-05,2.5527456628005527e-05
55741,8.128924610777933e-05,6.094750670339465e-05
64403,1.910250155528242e-05,0.0005211167610639426
54507,0.00045069662955200124,1.4730890531955267e-05
5164,0.00025258046417073096,2.2502980853319643e-05
353323,5.712531462319519e-06,2.1063074272170375e-05
55855,0.006065881178342029,0.00010125397945767293
2037,0.0007304917273118752,3.0381066578019576e-05
5097,3.1487423679013613e-06,0.00011635183353389606
283093,1.1921201496111812e-05,2.845507804055194e-05
9583,5.778218754584416e-06,4.828518051421878e-05
6060,3.950979647651013e-05,2.3230826066621194e-05
57461,5.529009060209371e-05,0.0001543254461817287
7057,0.0008767959941654299,2.0829993545630025e-05
22905,0.0005646100370106916,4.3823619536636894e-05
23293,1.2252461626330454e-05,2.7187712681232065e-05
84612,0.0007290056421895562,6.691302709295973e-05
388701,0.00015244552467059586,5.68895701276803e-05
286075,0.00014486528816758947,3.263173707329129e-05
25959,0.0005180155965993917,0.00021383121220476856
3303,0.0012080537060042724,4.495171639834882e-05
4539,0.006505681824124912,1.852855271592899e-05
84759,6.537418662168302e-05,4.45472963353231e-05
9482,0.00041365611247038027,7.595948280397183e-05
386677,0.0003211115298557483,0.00011778456079029892
3178,0.0006678255407193077,2.9089995145285802e-05
1618,0.0013040175239144639,1.6642490441427112e-05
56159,1.678860399030906e-07,2.4691348546299168e-05
125965,0.005670589952082818,8.565954223618938e-05
79596,6.858925200273338e-05,2.6317225218614587e-05
6861,7.273831970821657e-08,5.063898911298545e-05
25890,0.0013581241771702024,6.461619681198013e-05
3909,0.019449285350236725,4.568668977517288e-05
10554,0.00012817689324632256,7.707903643024521e-05
54795,2.2197237572526472e-05,5.029765934022804e-05
23551,5.22618112406509e-06,0.00013782924551647468
11122,3.376920834167893e-05,2.781570178662245e-05
64856,0.00012661671572697478,0.00021946842018249932
55723,0.00027530759884888327,8.892808884133735e-05
10024,0.0004558431905713701,1.5679847683221475e-05
284001,1.1116151047038116e-06,4.71771667755463e-05
5864,0.00013663060558212847,1.94148649062995e-05
84168,7.902400270628384e-05,2.5801069478141555e-05
29124,1.216035349029561e-08,1.9085043354591975e-05
221400,0.0010323978743700386,3.0047994986334117e-05
55700,2.2958939546954275e-05,7.650606208612822e-05
6873,6.507912259896401e-06,1.4372542468728683e-05
10301,1.591221555579096e-05,6.962940048587845e-05
5230,1.4050703121495764e-05,0.00011524702075678892
6964,1.0304338766842309e-06,3.415589152674077e-05
3225,5.35624294298408e-05,2.103741315987184e-05
22859,3.844692425459285e-05,2.5325048167275373e-05
29920,0.047372690087029955,1.4534311637294294e-05
2811,2.5935455450086057e-05,2.1661905301285998e-05
10239,5.592018609002293e-06,0.00010235573661439173
83440,0.000197213996648407,3.678175178580159e-05
9682,0.0004444524058209116,5.154648567480191e-05
3840,1.4769923011241066e-05,0.0001456208150260702
8634,9.385847668046698e-05,2.7777038291274074e-05
54900,0.0013359577463550713,4.729922044150922e-05
9785,0.00041399051480824143,2.503136137653297e-05
10395,0.0002392615653780591,3.89236679894804e-05
11031,0.0004938820693113254,0.00021410703714981486
4607,0.03375751750048716,0.000684680886055664
80273,4.0559022800834546e-05,1.7333557488172872e-05
3882,1.149257126418927e-05,1.4885081151045723e-05
374659,0.00022006049799786696,1.4788524308198442e-05
255520,4.292418195745901e-07,2.3557653793791757e-05
6249,5.435891246521886e-05,2.4425891337495844e-05
231,0.02422799421108651,3.5762549676175806e-05
8428,0.045650447178156875,9.883758385703583e-05
4644,0.0001621534050572427,0.00028185566605205543
27148,0.0005401039027823606,1.6410362474337038e-05
30833,4.592789324014505e-05,3.638461883287767e-05
7923,1.7326466420281046e-05,1.8289945295587284e-05
7301,6.2204551019738e-05,4.199892784183993e-05
6660,3.0065556541827832e-05,0.0002044852238985521
3047,0.00019252883950959357,2.2244356017351554e-05
254170,0.0004557045655798722,1.476812424955408e-05
7143,2.05141576230353e-05,1.467844973983129e-05
54521,1.6647685780165946e-05,0.00010896113944944382
81930,3.171834176484158e-08,1.6833944960069367e-05
5411,0.00021750321022742045,1.7561788659899e-05
163859,0.00022472931906443848,5.3371822630632275e-05
5435,1.0831067458693979e-05,0.000248059223259913
7527,7.930099501354949e-05,2.5807629042528267e-05
1995,0.0017349050204626998,3.078373726408635e-05
220766,0.002989590002900959,2.794910234995134e-05
4829,4.822320561997873e-05,4.7961885822969566e-05
1655,0.0001079885014182534,1.5492312961732488e-05
84079,0.00037519502567290053,4.421518183066127e-05
54754,0.002346815088519002,0.00015334521520160452
54620,0.0187825969275479,6.082859098581972e-05
2792,0.00026543354395678134,4.980602258996562e-05
6875,4.5853437804427785e-05,0.0001443703922954247
4722,7.378942967327387e-05,6.318521474917062e-05
283237,3.4668477572810834e-05,8.518491927607437e-05
2580,0.00013630629327684792,6.541932967997323e-05
56901,0.0018897316657308836,2.8089838010154916e-05
7025,2.512906742653393e-06,2.4398303296630936e-05
116028,0.0002585288592838979,1.7092531496947062e-05
3964,1.392634667512733e-06,4.3108770675914356e-05
51067,0.0008640668788588686,0.000326224686253671
3679,0.0008807496647521195,0.00022763263650657075
4616,7.850698895040472e-05,4.325158419644791e-05
246330,0.00011811937830961802,0.00018236807875022257
10197,0.05137927808837734,3.941248124970677e-05
8740,0.00019451926279790975,3.9273906654229844e-05
2281,1.7454565949253173e-05,1.4843533267409214e-05
153,0.0009233835485039577,1.4106605530159697e-05
650,2.0613801848731904e-05,7.856025476186944e-05
84617,2.9041304315570578e-05,0.00014678901001018656
399979,7.900669674150067e-06,1.4761324119955343e-05
3215,2.2030380954209693e-05,2.416719962127778e-05
645455,2.4796282668146825e-05,1.881066222443664e-05
92906,9.090022297088314e-05,0.00335809776698142
3399,0.000114982610778775,0.00010192746861041098
494514,0.00021630637180832042,7.452650578390647e-05
3948,5.790885893902879e-07,0.00026340843730658257
10092,5.582200629233396e-06,1.628936905353495e-05
8546,0.0001311073812862824,5.6791797457066696e-05
9524,0.04382049989878402,2.397800163708944e-05
55588,8.237442856650981e-06,4.087663901323652e-05
10252,4.5669746521468084e-07,0.00020346556911448224
2662,0.0031944509995705207,0.00018274988621450416
5266,0.000804576545345429,5.6525484393471946e-05
7263,3.767088908234728e-05,1.659392274248397e-05
55125,2.4622019804213513e-06,2.7368037141951823e-05
8913,0.000938811596095745,8.106307866714048e-05
25988,8.178036682792733e-05,0.00011179903429833062
23624,3.5342827815478773e-06,0.00024684799175092413
400745,1.909950207008876e-05,1.57255747093979e-05
57801,0.00012887683228892034,5.502259432776192e-05
2977,1.1388541274170726e-05,1.4839798099805766e-05
84282,7.435999519372232e-05,0.00012431583691622253
387522,0.041100421580114135,0.00011903642727386913
10605,8.557302667797746e-05,3.9517831011260843e-05
10081,0.0011947802187915336,2.192948862746948e-05
27133,0.00010548323978682061,0.00043878721792761774
58524,5.435396191599992e-05,4.3317659289084615e-05
11231,5.792449878811764e-05,1.9662835707417757e-05
23534,0.00044379762205621216,0.0001211197180956612
896,1.4796762160318612e-05,2.571563264598768e-05
4014,0.0019538729279539196,3.386126092693445e-05
728242,0.00029279656976895387,2.2652958639148843e-05
55954,1.024052361187234e-05,1.4088758719839773e-05
4753,0.0004086736498940255,5.8966003914370724e-05
2582,3.4827938485692625e-05,9.771487633213962e-05
331,0.0028134165581907263,4.3281042918095836e-05
3932,6.598419822285328e-05,1.866166378825608e-05
5326,0.0012215511688301204,2.0416628230502317e-05
92346,5.884150397459384e-07,1.6380435904532558e-05
146439,0.002913258399402362,1.9043334495896643e-05
9698,8.180207453065236e-05,3.955549097004769e-05
339302,0.0006451630444529294,0.00035577437334995685
11078,0.00015226288195013696,7.214547772212238e-05
25842,0.000415116541435656,2.1698758834826452e-05
378884,3.346044867841507e-05,2.3528068631741057e-05
10044,0.045934118377222465,1.8203104061230087e-05
388774,5.184174029675436e-05,2.2032295502882446e-05
79937,3.654311319023951e-06,1.5152990894796225e-05
55894,0.0005581085868253756,0.00011043484732604577
81628,0.00055997677069134,0.0002501713837260007
100133941,7.969625512859145e-05,1.4815808443757834e-05
126638,2.091253042106117e-05,2.0595161042394913e-05
83941,0.00012111402444818988,4.991728092198095e-05
2986,0.00016266627787860514,2.602723960355895e-05
253769,5.731310231250701e-06,0.00025778474791709197
56033,3.864818151822213e-07,1.9587540141044922e-05
100293534,1.66412338562193e-05,7.275194129946416e-05
6732,3.572895587796419e-05,1.6531216123488428e-05
60681,0.004588465192667329,2.618195831805463e-05
55974,2.9060381734594733e-05,3.235426873186881e-05
3232,0.0005723551425278419,3.8201277701999914e-05
204851,0.0023556181467111236,2.2417535233753422e-05
132851,1.7468784421298378e-06,0.0002847097327634121
84894,4.397543881867255e-06,2.3347304580795273e-05
51586,0.00013528064024931837,1.5091996295370736e-05
127833,0.0004790613532310944,3.0432792978351314e-05
26001,2.370128599807106e-05,0.00012886717367308545
7597,0.0003107482410411322,4.0014342346445646e-05
6632,0.0002620169169145721,9.73847042390613e-05
65985,0.001174556050606929,2.127082734495392e-05
140462,4.818859549519074e-05,0.00039842605701324207
124801,0.0007120681428788808,1.612588883507916e-05
6368,5.5824240249136665e-06,0.00010305266683960346
5860,0.0004264932087561181,3.425695227384424e-05
6612,0.00081670700131613,8.705020258405576e-05
58509,1.3822059986419084e-05,2.8073840654785015e-05
5912,0.00015502017960878763,0.00012122047119895557
2098,1.7170747280112708e-05,2.9865519616653405e-05
3238,1.7123732612799204e-05,0.00024286379822853908
57402,0.0003348695647628787,2.6088149510906376e-05
11026,4.102836838995738e-06,1.5311302848927684e-05
152559,0.00018070298559885994,1.4848807387921923e-05
10890,4.657098665887378e-05,8.601940410033668e-05
80705,0.00012886576644394039,2.2798099609531622e-05
270,2.729974832817124e-06,3.9266149686355155e-05
81786,0.00044994235440832766,5.3800703148355174e-05
120071,0.0005513314986681419,1.587656838435161e-05
3174,2.549782801301981e-05,1.5400351098269295e-05
10667,0.0005033632358919443,1.6253445995112994e-05
58538,0.00010854859962361896,1.4515263491745623e-05
1409,3.45721964303076e-05,1.7597179461892234e-05
23636,5.05468382818475e-05,0.00032586883441836567
100292719,0.0001441675760521026,3.775204466759605e-05
654,0.0006414068425049965,0.0001099278925918936
10144,0.0016740269786297108,6.827374791308115e-05
80335,5.3248943435071076e-05,1.5568702598750397e-05
9693,8.021802977280408e-05,1.4777843804584676e-05
8662,0.02876643973799123,4.572841400037586e-05
79447,4.214250478308465e-05,6.908732774668461e-05
687,0.0028934524732671138,1.768904392479022e-05
10124,0.00010048733387756754,1.4202186491075231e-05
2125,4.522811560645236e-05,0.00013819374086740903
4714,0.00041199678694543235,1.7595359300704288e-05
8350,0.00018027473765316613,5.4350806526407515e-05
23277,0.00015785810244399752,0.00010055171257447803
22878,1.406291411516058e-06,4.579772412540081e-05
2537,0.0006610326434165948,7.61574993701545e-05
9140,0.0005311191476777996,4.075962769017993e-05
997,8.187809526247151e-05,2.988591955004778e-05
8578,0.0005931254273578205,3.6894780779009835e-05
5104,0.023008346674187143,3.843804775183903e-05
2987,0.0013176035482065599,2.3185943374966987e-05
10419,1.7273145933249814e-05,1.5602210884434234e-05
3929,0.00025585310319959867,4.073400391332802e-05
30848,0.0005792839636621734,4.580998647721484e-05
4928,0.0005300398243060998,8.07792525835844e-05
92345,0.0001552316471075218,3.996274662198103e-05
4507,4.321104716315513e-05,0.00011053249345091475
130013,4.974753769400217e-05,2.272692808568512e-05
23400,7.087519978027968e-05,1.9429662243426797e-05
4907,0.00030628255266022466,0.00012338955237958864
953,3.5027855353578495e-05,1.6053392435731034e-05
30,5.846265449999493e-08,3.961967461658227e-05
23060,6.51292855047941e-05,3.091554998284079e-05
4617,0.0009969652508657217,0.00010692873550206818
55264,0.000699539392242463,7.370828323329238e-05
51128,2.7280836595112775e-05,8.246734245974866e-05
83638,0.00020398651685613395,0.00010629731461304548
22827,4.413556834007087e-06,1.8328229427698964e-05
5153,0.00014217356799763715,0.0001937769026513089
91147,0.00019951662770403144,2.8909718889799154e-05
6182,5.847709233081277e-06,9.965904142305844e-05
84105,9.635519927512721e-05,5.231420467184904e-05
10427,0.0025147470763259364,4.159168162922558e-05
54741,2.973068760392044e-05,5.8265428227676855e-05
10894,0.0131029793830941,0.00010504561409209481
56882,1.9218168835491565e-05,1.386345302518183e-05
100293130,1.8500793414366453e-05,1.5775132470468677e-05
4752,9.798988144753226e-07,8.27175740033542e-05
79616,1.3383627119337173e-05,1.5161119300448341e-05
83548,1.498732847757398e-06,6.21827793246678e-05
58497,0.004667943754099181,0.00014224367724782955
22989,1.0693517772350097e-06,1.5782262286389607e-05
56605,0.001240205892236509,2.0753365880835807e-05
9330,0.001656984691169342,5.3265296239765905e-05
57223,0.00046628693154408574,0.00031895448440625576
9044,0.0005143781161978194,8.417266737792573e-05
93100,0.00203585591936134,3.598955279772831e-05
966,4.4375541782206575e-07,3.154454155261642e-05
55619,0.0004649833327849649,2.857938827584528e-05
2168,3.1970144041811094e-07,0.00013048332831656212
4704,0.0002237251320336518,1.2936154455113312e-05
337960,8.848444857371755e-05,1.8240005074670293e-05
54206,0.0001344969831772251,3.177880306246867e-05
8864,5.463887045921508e-05,2.8786466735367184e-05
57129,2.7550206321211314e-06,2.190619531479707e-05
64518,3.538500765458411e-05,8.020002103112344e-05
11043,0.0001490664943684315,2.782957127504159e-05
54681,0.00015297240586524964,5.960991986637815e-05
78988,6.709562612708335e-05,5.149455360027337e-05
84181,4.065615671804674e-06,1.592996809354904e-05
5644,2.4091026503774578e-05,4.154695748668087e-05
81928,0.010522428023039347,2.722694957574871e-05
7137,1.0293802560856202e-06,1.521174473523944e-05
115207,0.00039526552691680425,3.1760863025265314e-05
9092,0.00012620895990607763,0.00013460327019961554
1628,2.6335800256014158e-06,3.058463351544954e-05
56163,5.6618215861560284e-06,0.000193443455935695
63922,0.0003001840128363356,1.8744562603932783e-05
167227,5.788751461380521e-05,7.748770411666086e-05
57179,0.0005941308451427598,1.8007234904186433e-05
7102,3.535978806099163e-05,1.5695277205582034e-05
4784,0.032941723124444766,2.6406170800107972e-05
9937,2.7481833660854552e-05,0.00035275226163452667
54825,3.661990027622815e-08,1.7032396837965167e-05
22986,0.0008180431204472679,5.352325951533832e-05
84634,9.868926445887833e-05,7.193578110737696e-05
8832,0.0001217377040200862,0.00010837087663399635
5062,1.9989468793581812e-05,0.000292577175360009
7008,4.949134418938782e-05,2.9348614910248443e-05
9821,2.310232666280915e-07,0.00011722845472182478
10978,0.00015473133674027295,2.2450531846229854e-05
84839,0.0003009089275706023,1.7388188697509234e-05
25973,0.0007606319854853456,5.094274412116968e-05
3421,7.885794922682645e-05,1.6649483511784934e-05
2802,0.022725876076713485,4.616763287306158e-05
7558,0.00012013235947814203,6.117877678782244e-05
112858,0.00018189480309346634,1.8872359340924246e-05
5550,4.2725352537733284e-07,1.9963549718924615e-05
5716,0.0009920548676229434,2.119878588899935e-05
219844,0.000710720828467946,4.879630170023821e-05
9521,3.7138369775857994e-07,1.783155461919843e-05
55332,1.005565018588717e-05,1.7257670420059028e-05
197,5.582200629233396e-06,0.00013940198132064068
4509,4.0284490602894094e-05,1.4980154992154675e-05
1291,0.00017302449776489633,5.6609696539528285e-05
5514,0.0002979920676536987,1.681944867011281e-05
79042,0.0011803233456938048,8.250425055806871e-05
696,0.0009025740155628076,2.2295461635586388e-05
4338,0.0005643906019384264,4.586645178102158e-05
2300,3.734002858247006e-05,2.4638458493981317e-05
11277,3.4862414292769324e-06,2.659320286924342e-05
93185,0.0004543521873037708,0.00019545168069589515
2891,0.0004422974502206512,1.720847471816024e-05
79659,0.00030535763871655623,2.0952335978288653e-05
629,1.5630724344896474e-06,8.388947678621741e-05
8943,1.3360839811594047e-07,1.4253979955271918e-05
23216,1.8672343890230477e-05,2.9169090622127456e-05
23363,2.2586528960983237e-05,1.7649428685631928e-05
3659,5.195274213527431e-06,6.868118215689841e-05
23495,0.00011529813868545511,2.3928741358677124e-05
1678,5.759919270399135e-06,1.9998154815386453e-05
55591,0.001624480392689837,0.0001548838815582585
4853,0.0005019565318234434,4.44659742220262e-05
10632,0.00043051568550626885,4.910020653061722e-05
2935,0.0001395502522910708,4.575314646837307e-05
320,2.4311008109412604e-06,4.5399995225099655e-05
1607,3.359681225487743e-07,2.1804293891641034e-05
10236,0.0007227586608935302,0.00014774671776571872
421,4.188289893994172e-07,6.303071058394912e-05
51373,0.00025958576888791005,1.6886669095049088e-05
8394,3.157312170350563e-07,1.5401321736356073e-05
5207,7.835828450754397e-05,2.961270152320901e-05
2252,3.7466137896634837e-06,4.7337391354179306e-05
4707,0.0003177512367869061,6.014800464367315e-05
11076,0.0007034589834262787,0.00010405917236261343
23275,3.1255001342104045e-05,7.78035614324664e-05
3853,6.631428915197621e-08,0.00013606081300807302
1831,3.481781089922015e-05,3.139234677058715e-05
3619,1.6256443245469643e-05,5.773578120603423e-05
29966,0.0007785424377297412,2.0075480026405595e-05
50649,0.00011784321600184564,6.797399110923504e-05
80306,0.00017176393385842607,1.94614568578954e-05
26022,0.0003245128989016571,0.00010777851511053113
128178,0.00017591007877962466,1.527000016819472e-05
148581,5.002921391490591e-05,1.9811383045226387e-05
4502,5.320329103586675e-05,1.9023481996931826e-05
11036,0.039947912153327866,4.1782544881289625e-05
54972,0.0013003186976939122,3.8230765098025996e-05
84299,2.8917825436805432e-05,1.8620819971808498e-05
36,0.00011458141344803832,2.404437493009967e-05
51471,0.0010034142971697719,0.00015967484174423137
8814,6.900001776286201e-06,2.349591242391424e-05
23467,4.814268643742536e-06,7.064479872804475e-05
84460,1.3124211351865883e-05,3.402640931488664e-05
9882,6.90055126316528e-05,1.5303918959008298e-05
54461,6.671873330524069e-05,5.5569245369121786e-05
51226,6.659405834621862e-06,2.4208396919740367e-05
23774,4.993966692595937e-06,1.437740084147578e-05
79922,0.0006839280095793063,1.969022128869683e-05
93436,0.0007498329062352026,1.7571439582382252e-05
4489,0.0002049813114937961,1.5392186740972452e-05
196541,9.846856941863073e-07,9.870593744583287e-05
5136,0.003115890116116484,1.883434908322921e-05
64425,0.0003541341231163835,1.8705552652977504e-05
23025,6.793034740283443e-07,5.942821814986695e-05
11100,0.00016307201263133375,1.4798588153203972e-05
665,8.307008342449287e-09,1.7878224956924224e-05
6715,0.00015140343693166805,5.8201401540684153e-05
7903,0.006422555408326765,3.72254725596961e-05
55709,7.720466214556761e-05,2.0648961622201595e-05
255738,0.005066618980778333,1.7276651930940146e-05
8841,1.1595873380028245e-05,2.275531245631176e-05
202134,5.771897374969953e-05,1.470905897579383e-05
8562,1.2397596048811441e-05,4.290968074284628e-05
122953,0.0001801822277487378,0.00022422264495162872
5660,0.00132961035131491,3.891869699258417e-05
208,1.258157063783129e-05,4.210896749433174e-05
444,2.8719378829103714e-05,9.934088374626511e-05
4719,0.0004004536962595969,8.621364447846826e-05
6398,2.5699007743387105e-06,1.9192629241137526e-05
2115,1.5441801258922145e-06,0.0002975996037881364
138474,5.571395907677891e-05,1.9043334495896643e-05
55888,7.230798729884043e-06,3.1844305813996483e-05
54476,9.512789031112841e-06,5.603973232358413e-05
51233,8.733408579627701e-05,2.0625313645183698e-05
496,5.585397670474195e-05,1.4781722856296772e-05
29775,0.0013172429074673128,4.0746528437636123e-05
2069,3.5232917818823207e-06,4.7876990509681e-05
64860,3.2736625261428567e-06,3.366946314138251e-05
126003,8.800716642366608e-05,3.121904164602662e-05
6780,0.00048809958898759,9.963978113004137e-05
83666,0.00022077355338902895,1.2953656178058888e-05
5863,2.7786494659576217e-05,2.0256240945071028e-05
80176,0.00018842169844637973,4.347961266941533e-05
5078,0.003461600261377196,0.00017768165396617026
137392,6.398634652301052e-05,3.0522330056526316e-05
83659,0.0001693868762479345,1.4335010747632955e-05
55847,0.0018290610197011616,8.10242161669782e-05
55775,0.00037524552871141684,1.455295483600974e-05
148103,4.401073382766445e-06,0.0005266988572058436
51116,4.989946635436548e-05,1.4306926310038543e-05
440087,0.0003544928853933215,4.21182213848426e-05
79646,0.0005516377902126174,1.5036968553056852e-05
4077,0.00013818929959143148,3.407003720934016e-05
254187,8.008415197085863e-05,7.742479935410252e-05
5176,0.0034220059515851554,1.427532105205734e-05
56888,5.078873421219348e-06,1.4491869794852837e-05
10282,2.6589776862178955e-05,2.5588137320464136e-05
87769,0.0028134165581907263,1.613916048269965e-05
60401,0.0010982376793174614,1.8829754575919437e-05
7798,4.95313330856085e-07,2.8800394816820115e-05
10238,0.00013830116386382495,4.604394497723946e-05
4850,0.0006529211169214172,2.222868458099367e-05
6611,2.8311410706154104e-07,2.760121555112837e-05
26469,8.033035988889246e-05,9.282854940431073e-05
30814,0.0003230816452835816,0.00014143502202788007
112950,7.667234975082544e-05,2.6193543256831767e-05
56243,5.678716653170894e-05,3.3121835352077675e-05
11255,0.00029817871947134813,2.9552286479511538e-05
54360,2.2318528611539383e-06,4.5640589938629045e-05
116211,0.004919506431022925,4.5279359039002086e-05
23035,5.08366107944776e-05,1.9761680431047013e-05
160851,0.0003829044672228448,0.0005703578827972943
90390,6.876120771121017e-05,2.375946850418909e-05
5049,2.8325856194461423e-05,6.65569002319124e-05
6655,7.122726165104164e-05,0.0002734077135245085
55692,0.0004964899818361052,0.00014178065665452718
9805,2.049541649933672e-05,1.4686625923144959e-05
5454,0.00017174720800480534,4.154812447004798e-05
65258,7.932419257921954e-05,7.453024156875627e-05
4854,0.08093619081862775,0.00011045394953704279
551,2.9385782678196272e-05,5.03286987997853e-05
6955,1.2880499822566724e-06,4.377186967804147e-05
256297,3.3059050617427306e-05,3.2021678705620246e-05
731682,0.00012257298225754417,5.654524548168028e-05
2819,0.00043637872894152174,3.185104302505634e-05
5455,0.0017201168421313146,9.73847042390613e-05
5269,0.0005942264652596748,0.00011370544404368379
3118,1.113958942592373e-06,1.4821771206817365e-05
11094,0.0012314660911919703,5.537074141179905e-05
958,0.0004174321059599497,0.00011375880776536057
55103,1.2833340648783395e-06,2.7229319363464052e-05
894,0.0003723637882929297,3.892363946116889e-05
55022,0.0003652395345020831,5.785323667470915e-05
4185,1.0928901639119146e-05,3.770999456075471e-05
3754,0.0006294304369787792,4.10165116171824e-05
25778,0.00015112723278465937,2.421460602240366e-05
7473,0.00036661150977588544,4.191002154391729e-05
140706,0.0003148781316243002,0.0008110076038062323
136895,0.0015393527583158944,3.542708187160483e-05
63929,0.0007919523068829499,7.583603908652006e-05
51601,0.00029315654301281417,2.0836197163526504e-05
2781,0.0002595307422098227,2.3415806644616213e-05
57106,6.789131949166157e-05,3.7071806391635e-05
10620,0.00016894707816377203,0.00010400726025374635
54361,0.01032622739891381,7.66367608254123e-05
27122,0.0007294057591466469,2.3805290316585764e-05
256714,0.00018449613633598146,9.545861089612536e-05
28956,0.008917888928775876,3.474155408589482e-05
55633,4.215731318692009e-05,2.305855069837572e-05
56344,0.0003436380904285796,0.0009172286522606831
23314,8.290251184167045e-06,1.745814825582398e-05
81542,3.769663929400735e-05,4.215348518126189e-05
10005,0.00015354713028717094,3.778523358996457e-05
353116,2.081001529417885e-05,1.3774388425916388e-05
5190,8.030758200600672e-05,9.915564159835944e-05
9295,0.0001384117330893806,0.00010048107380579659
5204,1.3372740593498647e-05,2.579814504615609e-05
170712,7.686598098724769e-07,1.5465876716596858e-05
4724,0.0008122392871630392,7.287418113589241e-05
865,0.07216779261106128,1.6311384797695105e-05
645,0.00012583592251615104,1.5215878854946564e-05
6341,3.4285399411104526e-05,3.745526992220751e-05
9884,4.447430356460273e-05,2.8216549601834345e-05
3460,0.0001651811377729755,8.29076239942168e-05
3562,3.308711992709983e-06,5.230350758606447e-05
80023,5.64691056204568e-06,1.7159524457686504e-05
55870,9.940655773171715e-06,4.665165509084977e-05
51530,1.868466013873969e-05,2.386154479065128e-05
5203,2.3514470133786453e-05,0.0001020035035207049
23012,1.4368612184062155e-05,1.89295678920213e-05
152015,6.515141160614118e-05,5.59621347818429e-05
3843,0.0009125452327919944,9.76010594917555e-05
64848,1.4326648781496852e-05,1.9998335552257943e-05
1195,0.00017799200870869235,6.0936583203075745e-05
1365,0.0012792061719725976,0.00033476316245087775
8338,0.0006372738353468192,8.724801865729735e-05
3240,7.2318190139045145e-06,3.927357293423088e-05
92736,0.001971532549274341,0.00039092862595612
6578,0.04121133672413283,1.8093585745649522e-05
1460,0.0002428364929514521,3.1469833535957216e-05
253959,3.892990200654192e-05,0.0001174673835721318
1746,7.473532560465966e-05,6.487458075378144e-05
27077,0.00021412111666091997,3.4588514017971634e-05
29915,4.4130777230795456e-05,1.4315775441083164e-05
10084,1.0537161874802282e-06,2.992027871892554e-05
25832,1.4213527119472368e-05,1.8077400802579504e-05
6988,0.00943317199444097,1.7651221424392288e-05
23040,0.0005451998251892585,4.749839629595432e-05
83733,0.0006820722578120621,1.5554304238564914e-05
220002,0.0006329767079563146,0.0003570961368446984
261726,0.0005935460167690874,4.0124309165529424e-05
7293,2.036699908227043e-05,1.357853650424092e-05
79874,0.0002736956012480851,3.9740389735310575e-05
27132,0.00047117887757326253,1.6991272223891673e-05
640,5.002921391490591e-05,2.7870055555448336e-05
967,0.0031321930346062863,3.378692341675862e-05
4001,0.042252283653951235,9.403231362912917e-05
4663,5.040809302688121e-05,2.299150054788549e-05
6005,0.00014398979701210027,1.4853771713399335e-05
64109,2.585050855062763e-06,1.613916048269965e-05
3280,0.0004916514090835352,2.8661867504249898e-05
58477,0.00025258046417073096,7.478639196220535e-05
79791,7.809306541606358e-05,2.142246560184405e-05
55837,0.00020071063844216632,0.000184620194939718
84700,2.2778943287178807e-05,9.761341626491235e-05
7341,7.966213147660136e-05,0.00010226699575020034
268,1.1958222315995836e-05,0.00012768258045199352
8099,0.0001519145785498167,4.7328286569715865e-05
238,0.0027424447362092226,4.638579474976085e-05
221504,8.50323264401265e-05,3.193091153094125e-05
28234,0.0030108817835712565,0.0002187920153079232
23604,0.00025060825391011514,2.388395347026538e-05
51477,1.7413643666905583e-07,7.955204468743237e-05
6720,0.07619846936443778,7.041032046811041e-05
6891,7.747147912306603e-05,2.1494701413665974e-05
11092,0.0010751150106787296,1.7945855248032447e-05
2113,0.003067305289810967,2.164220115724704e-05
4015,0.04087953215366076,1.649398196946033e-05
2905,0.0009318979350361755,6.620339572962468e-05
64981,0.0004973979858653637,3.7892783172949265e-05
9318,0.0010347678629844214,4.697957027552975e-05
2980,1.4645698326181354e-06,0.00014964933654993586
5529,8.223452254770838e-05,3.955210603337372e-05
1163,0.001802944351829517,2.92505407830384e-05
149461,0.00043227781720389804,0.00014816014134585802
2796,0.0017130478324465337,1.470905897579383e-05
84962,0.00035258531212419047,9.815041006938249e-05
51255,7.316373349941441e-05,6.041239575270637e-05
7441,2.2950960288671876e-05,0.00013301220300900588
23138,0.0014012923178032715,4.463574871027498e-05
195814,6.852781678137934e-05,7.600228490866763e-05
5595,0.00011760937532293078,5.62025045022417e-05
22858,0.00019705882208003215,1.455295483600974e-05
11315,2.7225913180049147e-05,1.801504490539086e-05
80063,4.0914770745161665e-05,5.400144268346165e-05
26834,1.9263357108648925e-05,2.6408400328826914e-05
23705,0.0006161458287552624,0.00021945477496065582
4508,6.636485597102619e-05,1.448481440240585e-05
26762,0.00025049818295741906,6.490960877202628e-05
1510,1.7765718591777652e-05,0.00020536812528141422
10928,2.492280336253755e-05,0.0002163310286638647
1915,2.4198545154536884e-06,0.00040734161775022687
56951,0.0005940189593500826,4.8707501236659965e-05
7474,2.0472279702873564e-05,1.9478651262525153e-05
57403,2.3286839453101842e-05,0.00037063343100182997
54901,3.778099268622517e-06,6.811406268997649e-05
401508,1.0355131323083094e-05,6.829011280252662e-05
57062,3.4760646730282174e-05,0.0003556562712497647
8874,0.00032043247272742437,1.4186842370547823e-05
54625,4.7005342349487065e-05,0.000791654626892592
2289,1.5323533941971114e-05,4.088533974852834e-05
64397,4.950150451138498e-05,7.018577568917379e-05
55614,0.0004055269757281542,0.0002016241728598071
387856,0.00019326254532120067,1.594759461110243e-05
80007,0.03995497898079211,2.5376029977438774e-05
84254,1.1959844862568374e-05,7.841497813289372e-05
128239,0.00022731134080116708,0.00013495838508205516
54,2.1957955838484725e-07,2.8714272512895086e-05
23370,0.00017912419267387814,4.7863294466474126e-05
10728,3.252506807157245e-05,4.213983390808064e-05
4035,0.0005423025072016032,3.800879843447093e-05
6876,4.2459971824714955e-05,0.0001653785272149912
4953,4.04485782072118e-05,4.919035717249809e-05
51360,7.4879206150326945e-06,2.167095326564003e-05
6337,6.222990225453296e-05,4.364216676406825e-05
10454,0.03043902744600624,3.360355124265759e-05
128710,0.0012293239344870748,3.600464325873736e-05
23471,7.257946058534432e-05,1.9017692697050088e-05
4792,4.338017970825602e-05,4.316796272340746e-05
148266,0.0020954534994083005,3.148069182171754e-05
7371,2.976067687626255e-07,2.598265600620219e-05
84283,2.8788737534274426e-05,2.5108103822451983e-05
5653,0.00014647412413670477,2.740761952628714e-05
51700,5.2958233250939976e-05,0.00013352009503530984
84923,5.258702198414683e-05,4.6207954439128934e-05
57669,1.3383627119337173e-05,2.5828616700151633e-05
51365,5.2069778163817684e-05,2.3408681996556166e-05
93343,0.00010608902418897803,1.5185828311461133e-05
9910,0.00010388234503463292,2.038008260491081e-05
26146,5.674817786661098e-06,2.0041730815687748e-05
3466,0.0007034330843661641,2.195949222987185e-05
79754,5.8990964628828335e-05,1.53513241144763e-05
552,0.0007629441959784833,5.447166595973896e-05
80205,5.9909992530786585e-06,0.00010018806990618662
7056,0.0007269889848392293,1.6714676957106497e-05
652968,1.6421794662016208e-05,0.0001943753919732723
252983,3.2594986403514384e-05,0.00011202573192239163
25917,1.7325777321384127e-05,5.682273136653033e-05
114882,0.0007341241199350408,1.7950731180878033e-05
5365,5.020297887932432e-05,7.152725768022597e-05
1580,0.0004516248270015229,2.579814504615609e-05
4478,0.0017233573236945816,4.560580153847762e-05
55811,0.0003534413226801629,4.542796873604595e-05
55967,1.2419800873052914e-05,7.759720201880644e-05
7114,7.075314811340451e-06,4.838219988888879e-05
25791,1.64570367374669e-05,1.8698254657558644e-05
29926,0.0019257212802441062,0.0001229618797584921
9169,0.00040813323399857364,6.508555051331079e-05
6432,0.0006039230212212555,5.2474154239975534e-05
4649,9.961952989725433e-07,2.4978398277994667e-05
6821,0.0006224825224604977,1.5036795359236733e-05
284418,7.366742358000845e-06,1.6607406283751378e-05
28988,0.0006998499524642995,6.61250864267043e-05
84985,3.6051760203441543e-10,1.9654947447642973e-05
347734,0.006405567736587798,1.5695277205582034e-05
339175,1.641390301494379e-05,1.7647194517132587e-05
4215,5.3152018777337455e-05,2.1180693486103097e-05
114884,0.0007041271573171025,6.37806908183926e-05
4430,3.566374050377678e-08,0.00014033337352860271
353,0.0002208731160066738,3.2730440272023476e-05
6811,0.00015542142038302485,4.0937594944280525e-05
84440,5.603865497748368e-05,8.654116274568192e-05
144165,6.151097042556708e-05,4.980952118834563e-05
9439,3.801961781820484e-05,4.5046298334088745e-05
7594,5.47244303840184e-05,0.00020411081691667422
51773,4.823166085077185e-05,3.0697660422352826e-05
27292,0.0005175705326732108,1.9119233515861285e-05
83897,0.00010592340509194456,1.49194602566842e-05
79065,2.7842186521797633e-05,6.384970541166863e-05
7363,0.004045590589553251,3.655986540915242e-05
4190,0.0011168405272859567,3.3760087305851136e-05
90134,3.322228719850079e-05,0.00027170575958179526
221016,0.0005267334651566869,2.5697025231663985e-05
1137,1.6366638845872455e-05,1.4387848015882221e-05
92737,2.9552258440038888e-05,1.5169219583617326e-05
220136,2.5290271662549024e-05,1.4761154422350264e-05
9677,1.7496490387813408e-06,0.00017006140972214347
1535,1.6445079349765415e-05,0.00010857385602930947
1647,0.0013114633761093,4.9655732882629196e-05
64651,9.598258086443629e-07,1.781122575723981e-05
55183,0.0006063198087675181,8.561257706043885e-05
3760,3.237074220135392e-05,1.966230110865036e-05
26091,4.1124386398517804e-05,6.044705685713066e-05
8270,4.06667859389899e-06,3.326114125177121e-05
58191,0.001001528156401164,0.0006669258017991568
23164,6.352485633179212e-05,0.0003725276500704126
57154,0.00015405078214655927,6.71772604680303e-05
55660,0.0008423488683829486,0.00010492086334060578
26064,3.3041973392523936e-06,6.333136106956634e-05
403,7.096178731041101e-05,6.14548827854842e-05
1445,9.131037503012064e-05,2.861959782039142e-05
63973,0.00012946600558385189,1.4329873953294685e-05
8544,5.350764076259343e-05,5.653659080045423e-05
10498,7.552829908241263e-05,1.4066731906305657e-05
8615,0.000656772434017826,7.41523756469798e-05
2963,0.0002530743456659355,7.0702419581424e-05
25759,0.00021517983018453214,2.7489485175811792e-05
91977,9.350083488967283e-07,2.051578046912309e-05
285180,5.677444405939894e-06,0.00020313726319069853
8351,4.810550726775393e-06,2.2356780953687078e-05
3131,0.089355948602728,0.00018076118368173257
5457,6.313397050249299e-05,1.558031047929069e-05
90557,0.00017009350972470297,1.8201672999736334e-05
390,0.01564655018852726,2.1930581041185748e-05
6770,7.250426938791146e-05,3.5078197735873755e-05
53904,0.0006562211797932219,6.37419456759469e-05
7247,0.0001778736401398233,0.0001353173791939168
64770,0.00038078965107161744,1.5810446164877138e-05
79624,0.00015506252260582269,0.00010740835389854235
2348,0.0011428597309600787,2.2784679003103107e-05
79691,4.3130949614535405e-05,3.09763126925142e-05
4947,0.028319363089850697,1.4633160383309701e-05
10134,0.001169860422300657,0.00011877280886710851
203260,1.1388541274170726e-05,1.89254927185391e-05
26254,3.1231002943152517e-05,2.36897881747174e-05
9294,4.118670118260625e-06,0.0001775922513305251
23284,0.002216706406033139,5.900716730654581e-05
11278,9.592591036571361e-05,7.943891118110062e-05
114793,3.1130571730721775e-05,6.269264986186593e-05
283234,3.1512561005973954e-05,7.789663351009e-05
197335,0.0002528288404893174,6.643595129035927e-05
11261,3.1571474050482645e-05,5.61938030787155e-05
9025,0.00017940836418222505,0.0002528173334002385
8816,4.4649353584588665e-06,1.8696491147919175e-05
6431,0.00017384280359239597,6.87239780879153e-05
176,0.0038516970944477424,2.954978366270361e-05
9320,0.00037604944724066214,1.4671281814400933e-05
140850,3.6778632534511234e-06,3.152583866362747e-05
5810,3.502518820614565e-05,3.118809629784555e-05
150771,0.00012393144109695776,5.291806822342228e-05
10019,9.56468070859216e-06,4.986060156929394e-05
1340,5.2357770203800755e-05,2.367587334088439e-05
1176,1.0066466733747255e-05,3.147843346217959e-05
58510,0.00021888257685176552,3.120452055925293e-05
56255,0.00015013664383285504,8.615538793895447e-05
6192,0.00020422327007751202,7.629242735068486e-05
10073,0.0009161427871143421,0.000645328563057518
64284,1.220198946427712e-05,5.2778193628471094e-05
25833,0.000631612610720982,0.00014988374575634303
5441,2.641321662703824e-05,6.941679356739124e-05
11249,1.2745093729089962e-05,4.9917280921980946e-05
3912,9.61106468312518e-05,2.766208301774882e-05
79745,1.5973124723780766e-07,2.9577414989296228e-05
148170,5.188316742257176e-10,0.00035272990439942956
1183,0.0011395036887112675,2.6678826603999693e-05
1381,0.00016367497316746644,1.9114114773393792e-05
605,0.0001289257108549749,4.170266643046008e-05
201725,0.00010336219702029589,4.304637286375011e-05
55819,6.227091874124275e-05,1.676739341962332e-05
83759,7.456808915683268e-05,1.7797491247874033e-05
34,8.261727173431558e-05,4.531744236853007e-05
22839,0.0005989981256463558,8.343318649428818e-05
28793,1.024476954709414e-05,0.00019589071695267848
4197,0.0020218263047462113,0.00013436023082570554
55920,0.0002954929193202566,1.459287277793679e-05
27297,0.000248226214856018,1.719497989511931e-05
4842,1.8463713527547925e-05,5.612853308069024e-05
66008,3.681615774763656e-05,2.4047208873214073e-05
3669,0.00012232968900550127,4.334074743775366e-05
9312,0.0007926428536950126,2.4602715380686634e-05
22844,0.0003355100988409137,2.7939804590480116e-05
3700,0.00026109137901985285,5.167085971432364e-05
3775,5.247652936983285e-05,4.389936140702454e-05
80831,0.07840416181129309,0.00027146783542806506
254863,0.0007952705697988443,5.864601669395948e-05
7374,1.596967915407799e-07,4.537891424866438e-05
54968,2.408626650333062e-06,0.00019608650426195277
10520,0.004072846198992914,4.74750976550964e-05
124093,0.0004309393972168694,0.0001050304480270521
5692,0.0005634035851332094,3.9899383065095735e-05
7988,5.2627979454998706e-08,3.625770276092956e-05
51024,1.1816088588752075e-05,0.0001107664845961552
55810,2.0521707178384762e-05,2.375694769081321e-05
4004,0.0015997340868799616,3.8357526699058925e-05
154790,0.0005176776063535237,0.00011476994066794246
689,6.022022064453263e-06,3.4245179509529564e-05
54432,0.00034583849737589433,7.053226190962606e-05
5590,0.0014840972693385564,2.4485687790726113e-05
11331,2.4683113473741075e-05,5.8645253821694814e-05
4856,1.8237983348192108e-05,0.00010546457320088028
1478,0.0002849909170757824,5.013791702658308e-05
81926,1.0312845284727928e-05,2.6530223643665156e-05
3851,8.805733077060389e-06,0.00014028650474268527
57823,0.00031782656224948146,2.8347783512419032e-05
145483,0.0057466079707070485,2.8398287659706027e-05
9445,0.00033388806441146386,1.500974755730778e-05
23347,4.098550591793293e-06,5.708630253848873e-05
10083,9.64052434093149e-06,1.8254485702296157e-05
84669,0.0005340936456439721,4.0081397940296456e-05
79598,0.0002204852914143426,5.1790303399808095e-05
85300,1.2531236938356677e-05,4.924414852155203e-05
4627,0.0005519787549217925,3.102026391657948e-05
6282,0.004376714818764446,1.630733434561838e-05
79685,0.000132674004806328,0.00038511665334679563
51225,1.0319659891795989e-05,9.146295064802398e-05
200931,1.1829812128770696e-06,0.00011217783776232945
283685,1.3542684109848487e-05,2.07829910028741e-05
4745,1.2057391933013808e-06,1.4152317449715643e-05
4237,0.00014159647234229716,4.0583726582100896e-05
8277,0.0002137476633245615,3.701669149318743e-05
3925,6.421502803055888e-05,2.2105891611429354e-05
27035,0.0005986084773084924,3.987911937274467e-05
140691,7.003436633328955e-06,1.8960329193995476e-05
9807,0.0017846132083151698,4.939550557966328e-05
1012,4.753657532447511e-05,0.0003539482232524961
8558,3.453061044981178e-05,1.4298644542428886e-05
2887,0.00044607615790905617,1.447018331882094e-05
100101267,2.2400436418979997e-05,5.561501460600079e-05
7011,0.0001267239501265717,3.2404819223464744e-05
3603,2.9745239351536645e-05,2.7762304985248166e-05
3108,5.553709591176742e-05,1.681944867011281e-05
6382,7.027307459154663e-05,5.4579628407828744e-05
10466,0.0014889383282945896,6.591595943154807e-05
5727,0.0019852178745299897,3.0169207114396524e-05
2054,9.707323727760975e-06,3.428158394763669e-05
23764,2.8719378829103714e-05,2.6674767117884334e-05
10539,2.725702638590834e-05,3.7390789084227226e-05
55322,2.5417773813802487e-06,1.8286366144401447e-05
3241,1.0924863469769885e-05,9.203751910771877e-05
26873,3.314508061927759e-05,0.00035864371396694775
84618,0.04042185052044659,4.6398243463105306e-05
11262,5.2236395009532786e-05,2.078781990552003e-05
9775,0.00015758770598882756,2.9033118994814553e-05
51522,4.48719692438765e-06,3.85872786907099e-05
11113,1.7193253746030667e-05,1.7651473992205072e-05
6742,3.0221643461274824e-06,5.847516498875165e-05
57126,6.97881388426031e-05,5.086644968336684e-05
5678,0.00014029095869882394,2.8240832053742174e-05
23031,0.00014845492146362604,2.751820546191256e-05
91544,2.520747743373686e-05,0.00014987407814536492
79157,0.00013584947343952026,0.00016836452009044364
6752,1.6320006395875339e-07,1.4776057486351542e-05
51065,5.310506425423554e-05,0.0002353113061194777
54093,2.8775175462479713e-06,3.908142695140849e-05
57511,8.608898171103407e-05,1.948214552046857e-05
161882,0.0006430851762873581,8.452746830186842e-05
1890,5.391979738735724e-06,2.002344051553609e-05
10286,2.782038337095381e-07,7.283892092753998e-05
219899,8.759511710383947e-06,5.685780734983634e-05
51388,1.9058847418644777e-06,5.924120239511999e-05
23365,9.816302412332086e-06,2.964710262680407e-05
2103,0.0005706160266618135,3.317462126872192e-05
23094,0.0014407437574267144,0.000191063661523695
384,1.4674619787488312e-05,0.0002517167152544545
7290,4.065615671804674e-06,3.0093439485036472e-05
2969,0.002844751688466332,1.4491869794852837e-05
3339,5.850293103610883e-05,3.3926295079647715e-05
644914,0.00034023213920560965,2.028335629768271e-05
9736,0.0002585111913861355,3.777614098553109e-05
22943,0.00044246595452682587,0.00023813896729832503
6585,0.0013484149908081452,1.767468924354743e-05
8395,4.884722527725273e-06,2.5444962155382205e-05
22911,0.0022485334238584887,1.4802245949924535e-05
64221,0.00011583522862118248,3.794995816949892e-05
98,0.0013790404805969012,1.5772596778140872e-05
23616,2.6023264034447337e-08,6.38679733291184e-05
8513,0.00011089855199387195,0.0001455613962025109
1477,7.91094870171513e-05,0.00021849462239056477
51300,0.00028588882347563754,1.4576023864949255e-05
84343,7.037968649090187e-06,2.3505109351807173e-05
4222,0.0006146269119293223,1.8366331163519052e-05
54210,0.0462291812764644,2.4395708295266063e-05
8323,0.00030542326989768404,1.5044456510676e-05
5908,0.00029973772546893656,3.915225419696513e-05
50810,7.106541270489372e-05,4.838766646909618e-05
1268,2.2123660802354033e-05,0.00014248555578576743
257068,3.258454822997287e-05,1.940681297872733e-05
80149,1.5769972792986966e-05,3.6543202932480924e-05
2941,8.856786117988235e-07,2.5365709134233575e-05
1730,0.00013644819320438191,1.5020591009799175e-05
26122,3.4691758260456177e-06,3.9461087575801436e-05
9766,5.239783679879243e-05,3.417818254690213e-05
11157,3.399943373248537e-05,0.00010919917758388376
84260,3.305200640479235e-05,1.7257670420059028e-05
29922,8.690796802414337e-05,0.00010733021872323022
9828,1.4365272339819411e-05,3.0781752272291676e-05
909,3.094973100173316e-06,0.00022658729234464932
27284,1.7449136374504403e-05,2.9002166396424794e-05
357,6.135566759534019e-06,6.0359491482682876e-05
9774,8.70452787278523e-07,0.00010316390605335153
6129,5.204133755926554e-05,5.1193129289136115e-05
9647,7.678953511150856e-05,0.00010979318107878877
6194,1.68056497125377e-05,4.695945180092859e-05
11040,1.0562753297540419e-05,0.00018383439605805407
4277,2.1466141131510478e-05,5.9789971225506844e-05
59336,4.976348307072444e-05,2.797216380603213e-05
1019,0.00010062896293252148,3.0211813229668687e-05
8115,0.0006256561795554459,6.252118390291805e-05
5310,0.00010198587785124632,9.10776575682862e-05
220972,0.000337147145238238,0.00029126958948288577
9158,7.442822647632786e-06,2.444263525432048e-05
6373,0.00012677382689959142,5.204340376889332e-05
23658,0.0003378342058719637,3.601464840801165e-05
94103,2.391839669915131e-05,2.978531643288502e-05
25928,9.882411057486609e-05,1.445437309854457e-05
3196,0.04206695463621657,1.953674160595895e-05
6778,0.0025736590114335866,1.9093289082417748e-05
5098,0.0005992348767505681,7.595465001062766e-05
126298,0.0004838003856699393,3.568505712374624e-05
2036,2.9484635492852596e-06,2.193192460235269e-05
4818,1.4991265003755266e-05,1.9927334796547172e-05
643641,1.499753205898465e-05,2.3357912026899078e-05
2892,0.0006689654995755843,3.953948430844594e-05
55599,0.0005532838465798694,5.337920164762876e-05
55324,0.032874409323715464,1.5234012091974649e-05
7850,3.2008208767466763e-06,1.8578353741735503e-05
1075,8.00786512846672e-06,1.549637646469234e-05
5983,0.0001611389825616373,3.385282051228922e-05
23392,0.00019333365144155932,0.00019650399766615352
54985,2.1314519203634116e-05,3.243162242334079e-05
3364,7.376921079189845e-05,1.4928959716515104e-05
7277,2.5055460784701627e-05,1.4772967689793185e-05
29893,0.000733490434976217,6.105678481221116e-05
100132406,0.001955807611354822,1.932439543835963e-05
6035,0.0007214472730760215,2.4471273694743196e-05
284131,6.170220373450922e-05,6.42127936088119e-05
9936,0.0004442670149358126,2.522442331970364e-05
7038,0.007254173300283355,5.543484158779899e-05
118738,7.836405009271203e-05,0.00021104860644051912
35,0.0011985869315891931,2.529923787390847e-05
84289,6.497200443784229e-06,5.8007402858254665e-05
7381,8.472220636478672e-07,4.780776242012853e-05
83459,0.0001585006308703943,2.3985225029564452e-05
55290,0.003387649716947419,3.1174761927312526e-05
284169,0.00012175064840782428,0.00015165834726391821
4685,1.024052361187234e-05,0.00024215817108903435
4988,0.0009620864982478391,0.00013551498136664118
29106,8.117671579479594e-05,0.00011111517668210965
728239,0.00010740784529484143,0.00012040237478642176
64326,6.331425746559741e-06,3.931968987313309e-05
246175,0.04125143720432066,1.9525205863536843e-05
7773,0.0010140839663112526,6.805413331985812e-05
4804,0.0003069241452454735,1.4676515749322872e-05
5602,0.00015440523801101358,1.4588783500456659e-05
92856,0.010699961679552708,5.74659518565206e-05
1745,2.547681382326695e-07,9.875633654847709e-05
7745,4.135382252449669e-05,1.7619972937111934e-05
10881,0.0012165730994927878,5.1614410185691786e-05
22871,1.1122038523528066e-05,4.535664783722839e-05
56259,1.8098384176902108e-05,1.7869394939939552e-05
80895,0.0010875736813282446,9.362695413161795e-05
10718,1.209654879130131e-06,7.32912154216794e-05
3623,0.0005516277333884904,4.557123280996888e-05
51125,0.00013584635673150622,6.17074439228269e-05
386678,1.0290433685556708e-07,1.891950101738612e-05
23309,1.0814783823870301e-05,6.134362624631794e-05
718,0.0004906504624222226,3.2621416387132264e-05
55154,0.0005736955526196634,0.00010538489572582052
81671,8.78646681360392e-05,1.6800765539674267e-05
120329,1.569369172000052e-05,2.6244028084537718e-05
56052,9.702676322641335e-05,0.00021597075529342669
57172,9.444920971843027e-05,7.28787093785638e-05
92565,1.9422860244987994e-05,0.00012806676455575654
3963,0.00011171825748166658,0.0001121095589388349
1455,0.000519123220300852,2.3054237406159933e-05
113251,4.464520476342789e-06,6.770229841663888e-05
9837,0.0008034617344893727,4.376629050085967e-05
2949,0.0006702557510494214,0.00021474532682259963
9182,3.054488794152885e-05,0.0002965226112974326
4987,4.925544993373864e-05,8.124320266410739e-05
151987,4.020195954919351e-06,1.8085305402857653e-05
8362,1.1196199996509844e-05,0.00021875097367975805
55608,9.779043173158359e-05,2.4556640496545978e-05
63875,1.1359318007286485e-05,2.116763761754867e-05
9648,1.8766569159922987e-06,7.406319590346522e-05
871,5.582200629233396e-06,1.761583972934241e-05
4968,5.655100969310548e-07,3.376878354830633e-05
2746,4.462178309593525e-06,0.0001942086549762687
7112,0.0007844740326991896,1.7922700334851793e-05
55670,4.931879783941984e-05,0.0003269542748180867
100290337,1.2278961014398129e-05,7.165989302065052e-05
2707,0.0002901148291182163,1.833708690704584e-05
10425,1.9731697029617593e-05,9.780822386054682e-05
26515,5.266717809955847e-05,4.175849149717641e-05
284904,0.0004963670810872391,8.764645844945931e-05
440568,0.00048049209795285243,4.465862466541622e-05
2562,0.00033081988963100677,1.4862317368745482e-05
5223,7.84769118493319e-05,1.6784902992925236e-05
23517,1.5826485850733333e-05,7.712388939081103e-05
54994,6.752641306041384e-05,1.4450490186293075e-05
10972,9.617888647218209e-05,3.606656829951702e-05
23386,0.001979094168815653,8.309252841046913e-05
51726,0.0003917185067921268,1.4960089427273753e-05
162427,4.0391414622183785e-07,9.407689246954065e-05
1014,2.1271767593178513e-05,0.00011424907332883141
4494,0.001651090850007775,3.8712591697280336e-05
8382,5.8128639083062446e-06,2.0168767135747413e-05
3662,2.3979979401450293e-06,2.5372301254598728e-05
754,0.0004670302386484845,3.2148088002215864e-05
116835,6.088170219374539e-07,1.467844973983129e-05
10328,7.799302659999374e-06,2.3344368918304328e-05
57104,0.00037598082945102283,1.533629642559843e-05
5029,0.002870525923629813,1.9043334495896643e-05
2848,3.830779721037598e-05,1.713679327796913e-05
1301,0.0014584553256907675,1.4829082442836908e-05
200261,0.000520280868730548,6.819515383114839e-05
91151,3.122980218254596e-05,2.3837699834862332e-05
27042,0.06440656528595991,1.5112186786921051e-05
6447,5.582200629233396e-06,0.00016296535151938475
7748,6.290830400787689e-06,2.182666199838137e-05
3223,4.3703342721423195e-06,2.227414510095314e-05
10947,1.6366638845872455e-05,7.323194326047787e-05
64499,2.7709436024256e-05,7.825025895426591e-05
5053,0.0005110462806381902,4.376069943329491e-05
50511,0.00021139546976556715,2.3005072807950675e-05
1622,1.3746218810553278e-06,5.446473499236732e-05
6456,0.00019365841740745637,4.806992310701993e-05
10418,2.991247320904234e-05,2.8508416118807433e-05
4521,8.79348273872448e-05,0.00018783294484389952
26152,7.201185365642834e-06,5.8574424642923925e-05
7582,0.0001241504409434754,1.609771702900858e-05
8736,0.0031865416911962866,3.0124945848268917e-05
8521,5.701300743658604e-06,8.39988355944463e-05
81490,0.001672545621463422,2.4633477390178518e-05
339390,0.001376825383446558,4.2413884669933266e-05
8530,2.7994056000778377e-08,4.687878420994572e-05
6484,0.0011042261253909678,4.2544543411623796e-05
8263,0.0003650437949021671,1.5269528050271216e-05
4666,0.0011355592986060994,4.640093896151634e-05
8687,4.4550214781499645e-05,0.0003791053710403132
51454,7.162103908183541e-05,2.2796425781675654e-05
7348,3.725870733321518e-05,0.00017752630113341156
9517,0.0006130056676899572,6.277965940431966e-05
4040,4.413556834007087e-06,2.5868485617210297e-05
2078,0.0017399431299395555,3.657940890034536e-05
148,2.7404195628212357e-05,2.5930064637707137e-05
153733,0.002838928159368239,0.00010105720499932862
114800,1.9615501310962947e-05,1.558031047929069e-05
23404,0.00013842461629614555,1.9039978846360858e-05
6294,4.354716440837405e-05,0.00011577582867874958
29766,0.000729554964033849,5.779745926226804e-05
85287,0.00014276228317744774,2.1493998093593802e-05
79173,9.078283671844448e-05,1.6655483036459168e-05
8233,0.0004539688711726984,2.412901478969536e-05
7140,0.00040921450547466454,5.040533554107759e-05
7936,2.905340875554273e-07,3.0589297535413545e-05
51016,0.0010926899508473698,9.063336949599478e-05
23609,3.9864541031164514e-05,0.000292965751329618
57332,0.00030601468393885663,1.475208960340001e-05
23637,2.649018780752814e-06,0.0001142967765413561
203054,7.198495210357331e-06,0.0002625401874586525
55388,0.04020582321012475,2.040278944125473e-05
255758,0.0009342142244036796,6.964169635262951e-05
4703,0.005670589952082818,3.7984252287675215e-05
55039,4.758376482159907e-05,0.00015320738993854864
7284,2.520747743373686e-05,0.00010998067406563348
3265,4.903598076516247e-06,0.00010801981192156157
9267,1.9788877060759252e-05,2.9819215336160633e-05
25940,4.229976892087635e-05,0.00016720199657453474
708,0.0001610613670330627,4.757720149466168e-05
10371,1.5378780860353826e-05,0.0001034314443731284
140710,0.00028939068095553235,6.490361645020463e-05
8343,1.3458819947899285e-05,1.4027793349685954e-05
93663,0.0001307357337069889,2.8014758545245096e-05
10244,0.0003378148942884623,0.00019580844190586212
862,6.198960225499752e-08,6.0251382715200876e-05
3578,6.839232714957757e-05,5.232024696188045e-05
51619,1.0561550974097056e-05,4.905571989286465e-05
55905,0.0019467155949719176,4.560212695112133e-05
23109,0.002351348659397755,0.0002515879334511794
780,0.00022369702672124248,4.2721289251253916e-05
51194,3.963597488926102e-05,3.560181636580072e-05
2132,4.85644517992692e-07,1.5395707140671974e-05
8891,6.78734472938011e-06,2.0000156567923175e-05
64743,4.964610735890554e-05,0.0003417838757128023
5480,6.230832563606735e-05,0.00020872864266855264
51434,0.00324134943032282,4.7299220441509226e-05
4161,0.0004300502532219639,1.8025072729443352e-05
3142,0.0008418610896113994,1.4576023864949255e-05
5268,2.012662066904009e-06,2.277133888505111e-05
54880,0.00022308271756278585,3.065537236481338e-05
727787,1.1085789436934358e-05,3.392793074120516e-05
10051,1.0332329636722173e-05,1.4118858799340713e-05
2961,0.0002563397807953505,1.80846531678608e-05
57489,0.0004823377189343919,3.976399664295719e-05
23362,9.882423020007534e-05,1.464342424930237e-05
9214,1.2030394793724749e-05,1.4932289887200889e-05
10112,0.0005157932798452866,0.00015683639381167903
130502,0.0001245175231201062,2.2674890052066364e-05
28396,0.00022932846632063952,5.728218572933235e-05
1269,3.0747909459118965e-06,4.475725395035432e-05
394261,7.607891226602231e-05,0.001158141057038944
11158,3.093633144674142e-05,2.7176030750647033e-05
27019,4.339366719930451e-07,0.00011496929496350111
9601,4.3132757187730166e-05,2.598903780139584e-05
137492,1.4147311425098217e-05,3.200842507499742e-05
64110,6.867896416485277e-05,2.178810046718076e-05
8548,4.339191156842136e-07,2.8593198464619927e-05
6511,5.3200243428930936e-05,1.847633451245423e-05
113675,0.000311630073097097,0.0003644317747236128
10603,0.00027547742909580364,0.00021515218509029135
79637,5.582200629233396e-06,0.00012619647984296657
153443,6.54110715717316e-06,3.54168014392538e-05
79137,2.4315424663770152e-05,4.1406304272780294e-05
1412,3.760932801835249e-05,2.3939632388540204e-05
9379,0.00016124771844726974,4.846827798319014e-05
55958,0.0006643395630384574,8.614297887292167e-05
23291,2.2503763291152034e-07,2.18365419215545e-05
8792,3.826250818743075e-05,2.7696073233716224e-05
3231,8.152346129316134e-05,2.407904611076403e-05
8334,0.00023314533064503553,7.448233332242445e-05
79595,0.0001614137269081526,1.3849637878735108e-05
2794,5.7633673872472074e-05,3.296958713746868e-05
10673,0.0001152331055936496,3.1930234296419953e-05
9706,1.2662731559955031e-05,4.4802351135564786e-05
181,6.639852174638168e-05,3.4878645790326976e-05
92667,0.00013886547231648495,2.6272926176737187e-05
51375,0.00048671671187579886,1.8093366628343117e-05
11156,4.519626978824821e-06,0.00011038262817304688
144347,0.04222377933862111,4.0307838917181964e-05
7283,0.00033989321689974764,2.1886036541201116e-05
91750,0.000469393740362478,7.241639189812722e-05
375035,0.0014012923178032715,1.9043334495896643e-05
3250,0.000331091704917047,6.333796118438402e-05
1572,0.02449317078572612,1.7520394351415335e-05
259230,0.003519395959367275,2.984076601736343e-05
84063,1.3316576973866107e-05,1.7576021026429793e-05
6487,0.0003496621050478194,0.0002055737074226792
5715,0.0004728724918152948,1.693280559460855e-05
26260,5.867368572082812e-05,8.049568564682048e-05
4634,0.00011974015550497434,3.8943528270611794e-05
3786,2.467634413722423e-05,7.582621124836039e-05
1534,8.956857741764761e-05,4.430453432700102e-05
5892,0.014462315313816119,4.7841535151997706e-05
1936,2.715920118748764e-06,1.422085024264404e-05
51115,3.663817246143359e-06,7.803571745496132e-05
401024,0.00014943602173277934,0.00011198324004600535
3107,2.1582089669824776e-05,2.547267525754302e-05
83696,5.106326994880235e-05,7.379162317856065e-05
117159,8.079167181360706e-05,5.155669012641948e-05
8796,1.4182010937718574e-06,7.041277527250716e-05
6688,8.690273424000074e-05,0.00013246541124897835
1285,0.00010203070927722628,8.2614383682286e-05
3670,4.523746836083711e-05,2.3753109201333686e-05
6609,6.566621650198945e-05,0.00016537852721499113
58488,0.00032930156903667064,2.4655526122914644e-05
5859,1.02228285926884e-05,9.517558199471059e-05
140258,1.711261508099342e-05,0.00015375039657036452
54460,0.00014644723101749814,1.7614203634357312e-05
60529,0.0006257451025840619,5.8593001473777764e-05
84263,0.0007500554224256955,4.106797965739748e-05
6318,0.01007330716886974,1.8361655211506215e-05
29079,4.667872997371071e-05,4.299459403410328e-05
10865,0.0015002960021664343,1.495575538120614e-05
1158,4.543609574382523e-05,7.701849897230617e-05
1028,0.00029095948270045174,0.001505747082017983
2167,9.189444745171165e-05,1.9541973945117858e-05
4821,0.000536850577282386,2.4213987659309653e-05
285753,0.00011735192492831636,3.228162656251519e-05
55768,3.211930304072432e-05,1.4470861797779234e-05
9314,0.00027126714262317987,3.637833727452111e-05
51450,1.1335019613663396e-05,2.2750445565325308e-05
1296,0.00010097950724676062,5.138531705405834e-05
26121,2.9202542289705575e-05,4.196002374947588e-05
1649,4.066551289703958e-06,3.0749830866943206e-05
85437,5.292855468800935e-05,4.866102221460148e-05
257160,0.0007379401698595311,4.507280414010417e-05
349114,6.031316826406252e-05,4.339354013737632e-05
55118,0.0003670570816901331,1.4798824666548729e-05
5699,6.784901811346015e-05,1.4314692796515396e-05
136227,9.409551865553994e-05,3.09778188883718e-05
440689,0.04435936158457693,4.968759938232151e-05
29767,0.013106006852138898,9.54580282136121e-05
7940,1.5624303588487248e-06,0.001540471204664553
90187,7.024560266618294e-05,2.8160127693317307e-05
23593,4.713472492025335e-05,0.0002972653998308307
7448,0.00018828483193809642,1.2688346021412967e-05
5368,0.0011193767529787397,0.00014746144877891577
79980,0.0002795693542552698,9.021509107523794e-05
26207,0.00013440953089299208,0.00013127615909759618
4188,0.00010015221342351339,3.171877088434544e-05
10499,0.0003571788775190088,2.1013228746974867e-05
7353,1.1800050362294773e-05,3.642997325505393e-05
9742,0.07107306201548358,2.375922587115296e-05
340542,4.4950114518326015e-08,1.3884442704888862e-05
2577,5.221296337280726e-05,0.00012040910042867957
6536,0.00012961536813158023,2.974483218719837e-05
378108,0.00025258046417073096,1.398728834951611e-05
808,0.00016885354628075013,9.508657644998902e-05
1962,3.171834176484158e-08,2.154047288053819e-05
9743,0.000226844040062772,1.7571256483303236e-05
5737,0.00022528811858509533,1.7530589613171685e-05
2122,0.00017006820406471524,0.0002525869364996834
3681,0.0016308452404007186,0.0004154094799767923
7405,0.00023878888160422577,2.6073816739995696e-05
128866,2.1935347547870656e-05,0.00010722574764732029
1048,5.347342942270781e-06,2.5289658375053752e-05
84833,3.974401501404924e-07,0.00010272331566094697
3177,4.741361894220417e-05,0.000272073334634163
2051,2.185620586267471e-05,0.0001742594598696029
169981,3.5648432121543946e-05,4.715482969633585e-05
653,0.0013842146187147534,4.002581607755778e-05
89796,0.0029284144656916682,2.7667193888883892e-05
9503,0.00010136655862346113,0.0003279826318673908
219738,0.0009108800797501057,4.7920305376962895e-05
10411,0.002228553514642575,2.2241250043338027e-05
84186,9.857892692348156e-05,7.286100724689691e-05
245934,8.736497102447923e-07,1.455295483600974e-05
26039,6.01611974491761e-06,4.81341271270651e-05
9455,0.00011594135230646717,1.881066222443664e-05
56729,1.0239984734222128e-05,5.281189886994888e-05
53918,5.624818983555952e-06,6.617828196862194e-05
51142,0.0005600592529822609,2.904291204480162e-05
2328,2.0050842269908285e-05,0.00033548807235007607
6351,0.00029218203236760717,0.00010486124834913019
84256,9.30604320520117e-05,1.448481440240585e-05
163059,3.8494903337373826e-07,5.338312421149753e-05
1297,0.0004611103901040087,6.347109949417413e-05
5830,5.368950436456307e-05,3.850235696040051e-05
219348,0.000245842529829491,3.810400013466258e-05
124,9.7534276850909e-05,0.00013114612300752057
196383,0.00032691820172034284,0.00014112351113560264
3479,7.271108894446001e-05,3.504904350915804e-05
57591,0.00011525769441490718,4.365122213727213e-05
3382,0.00027002431362341814,0.0001120222029472463
83732,4.186625507198853e-06,3.326649949681383e-05
353145,5.707489960028071e-05,1.604472908012559e-05
8302,0.003047048837264195,2.588304368557219e-05
10099,0.003190451075364795,4.5562642592112356e-05
8527,0.0002868067054876232,1.4864557316411708e-05
4306,0.0002315580456971875,2.6179070410963014e-05
2833,1.611349244449962e-05,6.490633547145364e-05
57418,2.406698198904465e-05,3.0607608057882115e-05
23564,1.0348053577741234e-05,2.877093591214121e-05
10198,4.3703168557949274e-05,6.299264748353435e-05
8358,0.00024180794431601004,1.6977445352323006e-05
23506,0.00020520697655092743,0.00010473795087008365
57835,6.331378596124907e-05,1.7461855475831004e-05
8837,0.03640397250688718,5.304793277682129e-05
140609,0.0001364490696707251,3.065735130592204e-05
29080,0.0002533347565061145,1.3031249786523208e-05
9066,2.4510274723551644e-05,3.8289003782999886e-05
23101,0.0013950069040298515,2.314894854243685e-05
2257,0.002118404371120432,1.668559198806387e-05
9168,0.0017260418655600253,2.7810905083025843e-05
726,0.00018631641339434302,0.00026903976375050175
84984,1.9278433938224116e-06,0.00030688884696098654
7157,0.00014335596363334091,6.903995517527277e-05
55188,0.00027094138993770525,0.00011063163924901039
8540,7.11851196017692e-06,1.4478181170209e-05
677,0.0007966805751591959,1.8924408601489893e-05
85012,0.0003160468579422937,1.4832787472140136e-05
129831,0.0008778341057223732,5.810788794488377e-05
8744,0.0006225146483705414,3.216995543001224e-05
57614,0.00037792851256100837,0.00011731765848274126
51561,8.454368630158164e-05,2.7284720479267987e-05
8784,0.00015934908331787718,0.0009562126509772891
5095,0.00021185635413353357,2.996362838380862e-05
5187,7.42485934434341e-05,4.461309811098095e-05
6400,0.0002805152757456543,0.00012598077656967514
352954,6.311394905473183e-05,0.00019442943696354345
22852,0.0019940195001626375,0.00033058916480530374
5831,6.2902069076327e-05,6.69826643772499e-05
6251,5.4661877555252e-05,0.0004006781013296653
1267,0.00026524801030684613,5.5814294691631725e-05
3098,0.0016406459792167724,1.5853583588931343e-05
6714,2.1935347547870656e-05,0.0001436523476662642
4153,1.7623253143171884e-05,2.3057188098182768e-05
821,6.785906944878735e-05,0.0001955882409492029
4800,0.00023664696481167467,2.8563543399742454e-05
5898,0.00016904844270293357,4.1630999555119385e-05
1586,0.00023783586872944902,8.230152964008117e-05
5795,0.00033151727466301464,5.615557938143317e-05
60592,0.0035559997844233516,1.9626210207189378e-05
23379,0.0002638202500693617,1.806666546152968e-05
9787,1.5323533941971114e-05,4.6938395437447554e-05
26071,2.5999596104241106e-07,5.061258547597261e-05
203069,8.388956847629265e-06,0.00011459394015981185
284069,0.0001265867004159204,2.2896179692313545e-05
81029,9.37546273310503e-06,2.719160336883128e-05
5458,1.9200457319434345e-05,0.00025681561438484034
582,0.0003873182734142029,2.5303876031763445e-05
6473,4.805704724782551e-05,2.1337417267767802e-05
25813,0.00027656739969186795,4.498568638573098e-05
4285,1.3338881372290462e-05,3.119258252872843e-05
84162,0.0003198512833871002,2.9622625361009283e-05
25885,0.0009057079125767188,5.603965305808399e-05
5591,0.026565201361660698,1.448481440240585e-05
114548,8.648800440478336e-05,1.556697538989905e-05
1588,0.0012252375302408919,1.7691517693728235e-05
3207,2.7584902249391676e-05,6.058064532969522e-05
5832,0.00023366207787842158,9.450943565585278e-05
7337,0.0007086099407354199,2.6181712240500135e-05
114932,9.840068004603937e-07,0.0003796547225705361
6340,9.327662024236425e-06,0.00013694219969408872
27238,0.00036397840903105994,0.00010314438982115536
6134,8.797438784417481e-05,2.157327166412588e-05
1047,1.943966538259127e-05,5.3009908620804485e-05
55150,2.822865095965003e-05,2.0619224998014655e-05
4647,4.9850004014366515e-05,1.9386285342527717e-05
441400,7.348948775669666e-05,4.645655544600825e-05
63940,0.0004889525660178868,8.048714297016966e-05
9215,2.9779668639892322e-05,2.048742996828913e-05
23244,1.630997396071423e-05,1.7040586174266325e-05
7123,0.0013488440342679937,6.42281449953638e-05
151230,0.000114631474903898,0.00044926683654142205
5336,1.1557667498462253e-05,6.048669663523666e-05
54458,4.026968539459509e-06,8.057076805555605e-05
55892,7.91210845763583e-05,2.9962284946744303e-05
80329,0.0019390333831455421,4.4631660730149806e-05
3680,5.7677580092992004e-05,4.2579084952907e-05
126119,0.00046335593200884476,0.00012556723438825212
2056,0.00014212573011056494,1.809105941218156e-05
9972,2.126144146267228e-06,1.9201599215280867e-05
10574,0.03960322818059893,0.00022078774331333757
55657,7.354737250897651e-05,2.383610592786099e-05
65220,9.861597193290253e-05,1.4763773726432298e-05
84172,0.0005059531449852729,2.965835901171648e-05
2186,5.582200629233396e-06,3.522128205695454e-05
4688,4.537622907938856e-05,5.113030680438008e-05
11070,6.9050473725868865e-06,0.00014350065908859267
10945,5.4793176688086764e-05,2.512702099564302e-05
29952,0.00013483177163085353,7.753107582088508e-05
7380,8.681218134904047e-06,0.00011865855571315506
9203,0.00011378704011808697,1.7892006597099055e-05
9122,0.0024706067614786893,5.922074701853803e-05
29907,7.397327048659982e-05,1.4535580182176606e-05
23381,0.002265196225695666,7.924705824643603e-05
912,0.00010931336235880036,0.0004895172465160752
1670,2.8798966579444627e-06,2.0779812212408297e-05
84817,1.688899371690418e-05,5.13305539615346e-05
79658,0.0007424350072958918,1.7334833506455496e-05
23659,1.8557629750332263e-06,1.574235203748752e-05
4352,3.4127298403235005e-07,0.0002531966092594072
114798,7.289647724475741e-05,3.26082445112042e-05
84875,8.969737276699752e-05,1.4335010747632955e-05
400720,0.0002572344510825391,5.5080273069948646e-05
57118,7.480348655098395e-08,3.19401484060241e-05
5201,1.3360839811594047e-07,1.9043334495896643e-05
71,0.000569676023588777,2.772306714846003e-05
10491,0.00022074592575818355,1.4653416958017052e-05
127703,6.499816371839175e-05,4.808981343032868e-05
80818,1.6613540750168806e-05,0.00014444678657039338
2703,0.0008281899337073253,2.0777322953340206e-05
100287428,0.0012326192568462985,2.74220349736127e-05
7296,1.630997396071423e-05,0.0004032982212936612
56302,0.0003586394984179845,3.0228933958745458e-05
4726,0.0007211464808026464,8.896825500021033e-05
386676,3.4249141198512963e-07,2.878717603133007e-05
409,0.00021350832646706115,1.726025276482309e-05
79885,0.00010027853316287544,0.00012497664676901202
254827,5.5811781753271626e-05,2.796782499015215e-05
2006,0.00024330759881989144,4.7960630956530914e-05
29117,0.00019357690505179546,2.119654607204776e-05
7251,0.0001535952943067289,9.969465154375886e-05
5663,0.0018778628111287094,1.786646017594958e-05
362,8.600741840658364e-05,7.945333584092343e-05
6050,0.00029102362171607815,2.2213889101537774e-05
28638,0.00011113617788195763,1.9811383045226387e-05
10067,0.0013313432935125366,0.00010304684537570981
2747,4.389001547643292e-05,0.00021686614699050697
4535,0.07964776146539089,4.8780018850601666e-05
1186,1.2689859428739295e-05,5.086258220376214e-05
9372,0.0001100923182571865,5.1725089073891557e-05
8644,5.60459420420754e-06,0.00017333854277596728
4544,0.0004838405617281617,7.753107582088508e-05
3150,0.00010772890404570814,0.0001553895235790708
8760,2.7709436024256e-05,4.701574319914937e-05
49854,0.0016508605265529986,1.6983597112075903e-05
2187,2.7094687112821632e-05,1.5012492652837817e-05
9238,7.872945675440673e-07,9.631413925322747e-05
6001,4.758932653052589e-05,7.190963766917065e-05
10424,0.0001569376405967743,2.4900618167898365e-05
212,2.3127094288665716e-05,3.0506350046149692e-05
23328,4.312444131207493e-05,4.103550861542724e-05
156,0.0008490128445603355,3.895224031974261e-05
54585,0.000304259065772365,0.0001830886064461389
1593,0.0004243934606393067,3.1709625422533035e-05
3767,0.0005557341863931853,4.18813624838629e-05
3200,0.00010093752055461588,3.290686688435443e-05
23761,5.1445796603043145e-05,9.65142220619781e-05
10847,3.088979045777405e-06,4.402108791439639e-05
55552,9.709798377546143e-05,0.0003901393220611102
653220,0.00021988414747695762,7.142229324042433e-05
1775,6.988149449611863e-05,3.330358940660248e-05
1633,9.870441976919592e-05,1.64759782299007e-05
2787,1.7858441864332908e-05,8.969498580747933e-05
573971,6.658887770317909e-06,6.829687690590925e-05
1616,0.0004056061436062018,1.9039978846360858e-05
167838,4.109603273650144e-05,0.00014224086033236207
155066,4.78876369001805e-05,1.4451041873349964e-05
4016,0.0005716164165039198,1.5807755309209223e-05
5372,1.1304574816905607e-05,2.1176570630799037e-05
56906,1.9334163633577975e-05,3.1590405449787324e-05
3765,1.221925153552067e-05,1.773182936046363e-05
219790,3.2494002302040575e-05,2.2027469763869407e-05
610,0.00013129730355485728,0.00011624222956866349
9925,5.909784309229149e-06,0.0001180829448331081
59,3.709774407130195e-05,4.3298295472117366e-05
83932,0.0003532278142282232,0.00012560317892745554
84919,1.0588043345545178e-05,0.00022571119690928813
250,6.804390377958698e-05,4.219953722855494e-05
8454,7.70811934825906e-06,1.7257670420059028e-05
57508,0.00017603580923699827,8.19270732186077e-05
9043,5.582200629233396e-06,2.120472461558431e-05
7813,0.018432222780380206,2.0323119095991676e-05
112885,2.2425418029186573e-05,2.074712853868259e-05
25865,0.0518152473315556,0.0001010284693188883
64806,0.00014758792398344672,2.6534890759308952e-05
339416,1.4805827862802204e-05,1.7697008219910446e-05
9965,0.00043046226829391513,2.1347163737600427e-05
3685,6.8593794077698025e-06,1.457481080243842e-05
26234,0.000845517944879893,2.405943652907266e-05
57547,0.001130256645245161,2.219101919896572e-05
84674,3.654311319023951e-06,5.33713491904988e-05
9776,0.00017170043657690492,9.986499642504099e-05
57117,8.499086908263877e-05,3.5188172137218646e-05
975,7.689471814168808e-07,1.4631345144592378e-05
10221,1.8171375727184123e-05,4.0234260489875826e-05
284273,0.02196517718821086,4.037979681752122e-05
7538,8.207536959760086e-05,3.483683094254512e-05
23358,0.00013191485665284324,2.5048317729391575e-05
51411,0.00010081609473936954,2.5908158412408096e-05
159195,1.757025880367267e-05,0.00010315527009958863
2064,8.17011862210479e-06,4.17264814771351e-05
91661,1.2859835380271787e-05,8.619661899575054e-05
6389,0.005174744168890876,9.835057676472127e-05
79366,0.0010453139276172345,2.009931140850717e-05
23437,3.611788049804902e-07,0.00023771108542795457
23013,6.3767852760428624e-06,1.4088191748819742e-05
57647,4.252993354207904e-05,0.0005030189640510778
84886,8.95276958019259e-05,1.773131135864842e-05
1105,0.0001034451249325438,3.10538082597742e-05
51006,0.00033213005774956406,0.00012076481437699479
84319,0.00033576984577432555,3.091153957018014e-05
374454,0.00015689226066922335,0.0001423534942257524
55335,0.00030718639012415345,5.588936645632757e-05
10898,6.614607604058383e-06,1.5311302848927684e-05
10975,2.2192552763504549e-07,0.00010357876806833284
64092,7.842218240418742e-05,0.0002025642965851993
55038,0.0013930354468449156,1.709803383773844e-05
3559,8.272593372999315e-05,1.4744821888776578e-05
1084,0.0027225127114070217,0.0012094884669421161
8575,0.00013362632862995883,3.417849834322282e-05
55080,0.0034924248887291598,2.1304882303793775e-05
10981,7.133482038630924e-05,2.611914237440988e-05
1371,2.0614299740369428e-08,1.761038177054331e-05
162,8.35145829286818e-05,1.85009803955567e-05
84203,0.0004662012294583416,0.00047286160532454487
126375,0.00011508675713925905,0.0001079744518301605
10420,0.0007322511049894024,1.846434347205485e-05
6678,8.691398832557836e-06,1.4752012038225807e-05
27153,0.0030137291816438785,7.164816709162254e-05
7994,2.281787219738906e-06,2.0930042591490808e-05
5251,3.695508288235932e-06,9.017051611376852e-05
8722,1.971751191154938e-07,2.2657495501812266e-05
23097,4.413556834007087e-06,5.01656972260907e-05
9716,4.339191156842136e-07,3.186160106558492e-05
2201,0.002051270198273951,8.695779966172249e-05
10516,0.003641064034668517,2.7986606611797627e-05
10988,0.00011163250502515725,2.9693414101283356e-05
8651,0.0028971499117100264,2.5083411624536756e-05
137872,0.00012331569099811407,0.00013045522433594514
4706,0.00016558189818223756,4.3374526243360495e-05
51329,0.00019606811860765075,0.0002456631017478989
114757,0.0001671313873307377,5.089222925994289e-05
710,0.0007491023161476396,0.0003544674615315849
2647,5.463603824705197e-05,1.6624188311325215e-05
2539,1.208922824168154e-05,2.8281657018163845e-05
9858,0.00027784982663769866,1.7606308492757324e-05
51031,4.945258283690444e-05,9.303175324000749e-05
8313,4.447430356460273e-05,2.6849960041627566e-05
23492,0.00011644895867692191,0.00013644743227565298
4171,4.065615671804674e-06,1.4363392377373604e-05
56926,0.0002110112397880551,0.0002652367284597508
1244,4.837900628380987e-06,2.6689750763698654e-05
1952,0.04210796507799339,1.5470720747342352e-05
1676,0.00013201593460135234,1.8458672057367417e-05
25844,3.1056504023569784e-05,1.592996809354904e-05
6210,0.00012536918449824167,1.8093366628343117e-05
64772,9.819169657121315e-05,0.00013785612536141285
55561,1.6583924947909978e-05,0.00030726999877387176
57228,0.00029681651338957113,2.827983979604385e-05
10138,2.2040522222021563e-05,0.0002531222745222683
246329,0.0032759494883803134,4.4253274508122415e-05
5695,1.2214040116726905e-05,4.0899441175425005e-05
55112,0.00033310596194000014,7.631279913227077e-05
9496,6.457785583126232e-05,3.933192947676175e-05
79632,0.00016484813125279224,0.00019240781327671406
248,9.357411543874473e-05,9.866070595198511e-05
113146,3.8734797886148115e-05,2.5586287289610062e-05
84498,8.12954968092749e-05,4.8215757423601125e-05
6672,0.0007143352372145908,5.6218765557382e-05
25902,7.843009788062657e-07,2.3786511062727133e-05
10461,0.00012345397810310094,7.368137693782958e-05
54715,0.00014425318478759392,1.7257670420059028e-05
55702,0.0010553032033889858,3.3079483454367054e-05
7678,0.00016839252557798067,5.493962913175301e-05
91419,0.00029054200963045526,0.00015823712488529656
7357,8.115340437725037e-05,6.838658251129317e-05
51232,2.789640823204272e-05,1.4063790232398604e-05
4036,9.064585756509355e-05,9.160189765784007e-05
84897,5.7137140207285965e-05,4.064576949348577e-05
254359,0.0007929114817372111,1.9590610981572485e-05
8994,0.00010226962089374283,0.00012370351674791523
57491,1.4654953264526483e-05,2.0463652150931145e-05
51397,0.00010249249884308166,0.00044070229622540104
80351,0.00025258046417073096,4.246213934868801e-05
81929,0.00020617619216308219,6.312718017039491e-05
9883,2.1846462950175368e-05,4.642090942400452e-05
7690,0.000400581222899481,2.8712177823029663e-05
50862,6.490014488173437e-05,1.5775333481728804e-05
3918,0.00010804744427073379,4.597000067111208e-05
3423,7.145743344012073e-06,3.766292222605502e-05
286514,1.9440006426092362e-05,0.00020731958125726858
434,0.0008168240998318006,2.3635091691330052e-05
84726,0.00028038258985305466,5.665554601729655e-05
5010,0.00025258046417073096,1.5103943998623551e-05
64786,0.0003349234373534429,5.683199228490339e-05
51478,0.001387016982224104,5.0392129580704126e-05
178,4.9693429373689415e-06,0.0001446919970180541
66002,6.260842920269569e-05,5.4675423862077165e-05
2023,6.419915618510009e-05,3.279517247023785e-05
23116,6.400265756171859e-06,2.265795651009066e-05
7846,1.2767096374487126e-05,3.652075355664435e-05
4537,0.00012092479468239695,3.117026627631888e-05
339834,8.123740770095423e-06,3.3904745889635585e-05
2660,0.03934196897523198,1.7317317894834124e-05
6853,0.0002844604728984724,5.204833918956182e-05
57176,0.0007120206432558631,4.444807616345157e-05
91107,5.713595037936341e-06,3.0287771887299076e-05
91,0.0010580164446748522,3.521811513985437e-05
126626,1.5584928715390028e-05,0.00024118150447221124
90459,2.2197237572526472e-05,1.7967540248016986e-05
9752,0.0003611101991216124,3.6078964324908895e-05
8517,2.0253227745958113e-05,1.455295483600974e-05
339448,1.1621315330408113e-06,8.054396590731186e-05
1734,7.68059769415407e-05,1.4560595285869275e-05
56940,4.957030361263503e-05,0.00015076296605221815
8092,0.0031213815915337034,7.81438513967127e-05
201501,0.0001722124752335163,5.1853477923682054e-05
25942,0.00028830420275417675,2.4459823775070392e-05
51564,0.00013223452195181958,1.593743982157929e-05
1370,5.968171102053784e-06,5.8899930789478194e-05
51062,0.00018434008922373022,6.613771053807099e-05
3704,8.007492217822306e-05,1.455295483600974e-05
64111,5.874936064666085e-05,2.329749211849153e-05
84265,0.00022806058980829913,6.888474043961458e-05
10768,0.00025258046417073096,1.4282966107941463e-05
2918,0.0004658657698478258,4.7943102115013444e-05
51199,6.637706945687587e-08,2.4868199519929424e-05
9401,0.00012174058829611988,5.55323488974453e-05
7707,0.00040567349014887456,2.8481376522269032e-05
8698,0.001865645196846984,1.8648594167672056e-05
7216,0.008848530324085727,0.000188162229189749
311,0.00204197638952346,5.5380198868756e-05
170685,0.00023345856718257752,7.433585330903481e-05
54205,7.447852081719033e-05,2.5645056697740218e-05
9079,0.002893277758262765,0.00020017762942433116
7138,0.0007909410590638898,7.54318427964816e-05
1528,1.7369843831392733e-05,1.4885081151045723e-05
8655,7.44409566298911e-06,7.447352074647798e-05
388387,0.001178235172943044,3.3471362626808835e-05
11232,9.79138362596871e-07,2.6470024111927253e-05
10071,0.0003401124409574656,3.5086225776629674e-05
10618,0.0003242722278049356,0.0002806410118168483
196374,4.641520148660069e-05,4.531997325971537e-05
26060,9.711840440697725e-05,5.8490996714396954e-05
84163,2.2441902238760964e-05,2.430936864738831e-05
8764,6.68391668850447e-06,0.0001151419962562015
9138,2.0026153861918206e-05,4.52942592345687e-05
94233,8.370056882666886e-06,8.583950223512986e-05
100288160,3.745459630139026e-05,5.141658511088616e-05
140683,0.00010758727482662637,1.455295483600974e-05
9718,4.11144733478712e-06,1.8955846210748104e-05
7015,0.0012253605298602733,5.362092681363872e-05
7082,3.8820473073758794e-05,4.1199284474264704e-05
116349,0.0006954525829878467,2.7224018552791884e-05
10437,1.0044550889494918e-05,0.0003494473419604156
2920,2.096656424248152e-05,0.0005213691993934842
579,1.1016372059482581e-07,0.00020662287797255688
2149,0.000251182194481548,2.9559066813221174e-05
28985,1.3420433745134043e-06,4.687883831489069e-05
84456,1.808709881560529e-05,0.00010730658334487375
9334,0.06001542516448412,0.00021032826107157213
23585,0.0020902989475555175,4.973100160118005e-05
8322,1.5323533941971114e-05,3.5752176993334586e-05
440184,7.480473233083057e-06,6.184881539632687e-05
553,0.0003341625908896347,1.6007661409454547e-05
8674,0.0011184164079228913,2.9214317208760915e-05
5746,2.3879120827062845e-06,2.7629045380458285e-05
9447,5.32731640391515e-06,3.106712819945038e-05
5464,3.1140507575878805e-05,1.5401321736356073e-05
4884,1.2590365424891986e-05,3.838904957408094e-05
55003,0.0002748499491484867,4.619480589001354e-05
5313,0.00012462975898367204,3.9541668986854004e-05
56265,0.0004756541434670871,2.197613292784411e-05
9852,2.4467320639755762e-05,1.4786971267291155e-05
845,0.00044035278369856397,2.5065441843898516e-05
7620,2.109734979768158e-06,5.01080557422974e-05
2769,0.0001184599420526669,1.6056054142371254e-05
353497,2.321436172930159e-06,0.00016684634408782896
27185,0.0007076075642795743,1.4085871020247337e-05
84693,0.0002561239020813395,8.49143204779848e-05
51236,0.00010647361847910041,2.780598841530028e-05
148932,0.026851069478874896,3.8809239536620425e-05
81794,1.418981568977291e-07,2.9307183978106742e-05
55157,9.219735790112476e-05,3.3039409719380995e-05
84056,0.0002449161132743762,3.643674343958728e-05
158798,5.558654339858303e-06,1.4283859352359894e-05
125150,2.8389596600127216e-06,0.0004098732903877616
5154,6.290658100548863e-05,0.0001342146052313098
2139,2.201798287877174e-06,1.5311178971951127e-05
860,0.0002930716609951972,1.8719493514963967e-05
2898,0.0010723751180284479,0.0001302417680403354
7200,5.582200629233396e-06,0.0001176696201015865
55246,0.00047586954647878884,5.476420033817254e-05
139212,0.0003062334517919198,3.2505276731683346e-05
63917,9.72911638005392e-05,2.8500748431413797e-05
2734,0.0002483674410047229,3.072745524402941e-05
9842,0.0009250241074811993,1.5775132470468677e-05
84958,1.7047669788281625e-05,2.74249469808169e-05
2923,3.8480620321158654e-05,1.997210579047622e-05
6514,0.017826752360560746,2.4946378433157076e-05
51754,0.056234834017103816,4.584146869202419e-05
10910,1.8901148144185373e-05,0.00022407392358037657
2134,2.3340545685438284e-06,0.00010148190695367834
288,0.00017566262258888,2.1640658430350467e-05
51203,0.0009013505257545535,1.5124391151445892e-05
79813,0.00044794097972327606,5.828930971247464e-05
439,0.0003988352489831455,2.9297504253498946e-05
1576,0.0007676407538301459,0.0001609064495333283
55937,4.066665219856509e-06,2.019468099852209e-05
7088,2.9847995373590088e-05,3.538757262431089e-05
5429,3.2558176022360705e-05,3.753869916732976e-05
6401,0.0031168054700132265,6.227577439476498e-05
26275,7.131769593416303e-07,4.441782360185312e-05
113174,0.00040708117356712297,2.8488337200388972e-05
653121,0.0004624366089575511,1.702226575704993e-05
11163,5.889033453485753e-05,3.135581635589255e-05
2824,0.000281419204554967,0.00022066707419110372
540,0.00017618778759839643,1.7869789026230238e-05
57017,5.2479615536079576e-05,8.751239357246802e-05
2180,4.2725352537733284e-07,0.00014652238479875466
51473,0.000126465255024753,6.396370746363173e-05
57595,0.0010434108720025134,5.771641869722201e-05
10465,0.000717691578844416,2.2572676243142084e-05
5341,4.8839742998000965e-06,3.662109104133361e-05
191,0.0003547131017768516,3.0287907906855955e-05
80896,0.0005075334266798007,0.0002091079017516007
5728,0.0010447278867658435,0.0003982931841535756
80201,0.00013774786311915172,4.471695848787227e-05
116039,0.0015765354790316301,1.5998131194986358e-05
158297,0.001330366276325568,4.448601359389507e-05
79705,5.132296956883054e-06,3.763141938537466e-05
54936,0.01796867293500453,0.00010017809694495265
128439,7.060323350950306e-05,0.00017539553207598365
79892,2.154938685658048e-05,1.455295483600974e-05
10140,3.722295653262875e-05,1.8799394472945998e-05
2770,5.277779995383832e-05,1.9257239307578184e-05
3428,0.0003536255368289749,0.00010841504192797876
29068,2.8241651432273812e-05,3.0550899210506346e-05
55568,0.0006260717516463341,0.0003028424276094833
4701,0.023986345360454294,6.938359000998645e-05
10922,4.0520079582422085e-05,5.7760068159037655e-05
6845,9.825494413392462e-05,4.34571896914832e-05
5130,2.029558320344183e-05,2.054587948487585e-05
8509,0.0009208348489679436,2.031044996737872e-05
4626,0.0005645806507526764,2.1804293891641034e-05
57136,1.4203032527043399e-05,2.392131833436628e-05
7884,1.326640258853186e-05,5.228380951186901e-05
92591,0.006034853252516718,8.860620457036596e-05
55729,5.784063289021877e-06,2.4342499316429524e-05
5564,1.6062360409582617e-05,1.8067798076628107e-05
55165,0.00024699810855232355,3.0780317951532385e-05
27327,0.0007834491024664453,5.694320426475059e-05
55739,3.305857249015257e-05,2.6065721990757922e-05
51650,0.0028478878889313763,1.445437309854457e-05
4092,8.881899989619956e-05,0.00014407067657116598
4300,0.00033910294118809906,4.030513463347401e-05
3858,2.6281579825993047e-05,6.0121932071445507e-05
117584,0.0006197110049696381,4.0087551523627275e-05
59286,1.4180122390872845e-07,2.803966578471263e-05
4931,0.0011014618321306877,2.7357481747063583e-05
10950,0.002844992909147049,7.672588044271553e-05
9026,3.7176460499051335e-07,0.00012936045059182944
4241,0.00017191261201229908,2.8337155801208692e-05
222662,5.1835265035522e-05,8.797150318312786e-05
55628,0.00051592442330581,0.00011738744056579037
346389,0.007624937832735711,2.401050432164421e-05
3354,1.8455370487953123e-07,3.66695006965721e-05
28986,0.006489928791033481,1.7349185734068885e-05
6123,3.8237714174702204e-07,1.4832787472140136e-05
2661,5.746957850740508e-05,2.5561356663399625e-05
5357,1.9071653958574716e-06,4.957820474696619e-05
7410,0.03127290800946356,1.447022082046853e-05
10597,1.1855004798567176e-05,1.4113866145284235e-05
8911,0.0001254043773984467,1.922039027975047e-05
386681,0.0013731237400010695,1.978181348178743e-05
4886,0.00010669556088170652,1.8340570952617935e-05
768211,5.582200629233396e-06,1.756787678506171e-05
9650,0.00014089187437200885,2.244272335931656e-05
6176,4.151136341856683e-05,5.8178027409950826e-05
6603,7.490838075815707e-05,0.00010328477619008964
125144,0.049162949870585136,6.92604185699258e-05
112812,5.582200629233396e-06,9.688317795254652e-05
2735,0.000433259742170738,4.167963738022654e-05
6874,7.062465323512796e-05,4.783686482463974e-05
9453,2.281251399575035e-06,2.582269150085188e-05
2779,6.769503288481323e-05,7.039324782020948e-05
27255,6.375147705782156e-05,0.00035715802616694946
221472,0.0001344582695951988,3.17055277634165e-05
3475,1.1554855843018426e-05,0.00010679202106884818
115265,0.04261382746366144,4.1194880605230126e-05
118427,0.00023349457424772183,4.656651656465549e-05
190,6.307088969682896e-06,6.762851486074526e-05
115761,5.903692968413669e-05,1.938771205222212e-05
4708,0.00025475724737693706,8.558405776772787e-05
404636,4.035695850015316e-05,4.459763470902712e-05
158931,1.31226354521002e-05,5.9525835809394226e-05
6839,8.559912885352323e-06,8.883856669167258e-05
51304,0.0004011118778324712,0.000229215494760316
22913,3.909910728411939e-06,1.4228680507279745e-05
57817,0.0008710391660553713,4.50335229145211e-05
6573,0.00011752640324625381,7.079305785871081e-05
7881,9.151295869967292e-06,0.0003149066605287741
5662,0.00018919734332586426,3.3198174917550065e-05
4351,3.3004326028679903e-06,1.9043334495896643e-05
51143,0.00015208218091937039,3.850013624141392e-05
4142,0.0050499531488839315,2.075295964933478e-05
158078,0.00014191045897591514,2.088801771288615e-05
283635,3.265012247481905e-05,4.232517242730363e-05
1967,6.394779605781464e-05,1.9043334495896643e-05
1738,1.4549188044036506e-05,9.624210041582835e-05
23024,0.006913720920960975,1.4156249880352134e-05
4298,4.5195851842718985e-07,2.622348476406733e-05
3560,0.00042710160622135707,2.2625998865636177e-05
2762,5.676370034876352e-05,1.6638546508431353e-05
114836,0.00043057729903964013,0.00011202696902559506
8663,1.6700344534145846e-06,1.5804669394205695e-05
55646,1.0654483335774892e-05,0.00019503467929618998
160622,0.0010111933390874043,2.846368839114163e-05
64864,0.0007206493265201637,2.0468130717670935e-05
90417,8.543971939067841e-05,1.7507857118265703e-05
375484,0.0008884690418154177,2.0350886796929217e-05
25897,0.0010757160852023033,5.662235778783456e-05
5148,0.0003433873616982924,2.243192457542746e-05
8682,0.0008610472898723366,1.502810646049444e-05
29103,4.596532509856412e-05,8.416562278542053e-05
280,0.0003391061972589144,1.4571164154916284e-05
64928,1.4579724447176285e-05,5.5890041001299444e-05
3823,0.00011071226612168261,2.4173851177001915e-05
57120,8.640185284979483e-05,1.630733434561838e-05
22841,1.8467740763625568e-05,9.048299866400383e-05
1471,0.001259453883942903,1.587627197956136e-05
79930,1.8449061792158557e-05,5.3704664976877896e-05
79699,6.8449045682749816e-06,9.638104799501455e-05
26273,0.0008646911490906014,3.715548319927322e-05
64600,2.5118201373220568e-05,1.871564370684135e-05
84333,6.923293248815304e-05,2.1739209210375613e-05
5965,4.708103006705431e-05,1.609710640895253e-05
2950,3.560714051268409e-05,0.00010874595170620251
55229,4.479251420833497e-05,2.185058268462876e-05
84298,8.923516336257088e-06,7.417821125667643e-05
51260,0.0003273206524556118,2.5413738602950572e-05
4005,1.0403831711227321e-05,3.3375243800404274e-05
338412,0.0059223245843917005,1.549208776914003e-05
8370,0.0002608582963993162,1.9836718210953388e-05
1892,5.002921391490591e-05,9.553599953416592e-05
5046,0.0006894437581218526,2.991044726785407e-05
920,1.7639177822559457e-05,0.00012334254874411476
93233,6.917220173441478e-05,5.6716621886904315e-05
65009,0.0003485702929470961,0.00013273463611185389
51633,2.6224972590349636e-06,0.0002001120294365855
2788,2.9076502610548508e-05,0.00012217858559693604
80331,0.07903393931497088,1.8410181145684534e-05
663,0.00048461763149969093,7.014690993613389e-05
65263,1.3135633346017375e-06,1.8645080148183123e-05
9960,2.2318528611539383e-06,6.674908058234363e-05
84292,1.737681873417503e-05,2.5664026117763446e-05
5956,1.871141465651097e-05,3.8532082450557805e-05
3416,0.00029526023508823684,2.3297905806109997e-05
23394,5.354170554568961e-05,0.00010608547840637639
58160,5.718737283674788e-05,1.9219009135322436e-05
7145,0.00010454410089025642,4.089569561233227e-05
100287898,1.6929969768019207e-05,1.8040626766213938e-05
126823,0.003479260939052138,4.496932640512537e-05
54487,2.0661573621269825e-05,1.589565262569985e-05
1811,0.007917338791092307,1.4158542446505485e-05
80856,0.00021277973981860722,4.0776783984731196e-05
55432,1.0693517772350097e-06,1.4964632953691493e-05
26088,0.00011318164836070598,5.710811213485195e-05
64949,0.0009637402147364405,2.045118337459755e-05
3633,0.04741916288316357,1.9838208311116534e-05
2313,0.025227804816709328,5.886088780710808e-05
3897,5.582200629233396e-06,1.470905897579383e-05
4913,3.3414744794294654e-05,5.2056292632798626e-05
9868,0.00020545642486598147,4.011895858790361e-05
28,5.5400810822757985e-06,0.00011643791880888784
1020,3.233563558719042e-05,0.0001286889151975491
4889,0.0001512046027859649,3.828746577247757e-05
2264,4.082010053766422e-05,8.611217359097552e-05
9422,0.00015814171327935514,4.66650211798351e-05
10130,0.0009778169841774017,0.00041015324468220783
8493,4.5246950892316486e-05,7.254311360772285e-05
79893,0.00010977842264846337,1.644477208503253e-05
7035,0.011414793156678357,6.358957858283582e-05
7472,0.0006482891190750696,1.7810760759443933e-05
4583,0.0006150276047039044,6.711561741015495e-05
7471,5.542747606004788e-06,0.00010250315499558726
6637,0.0007751603073582173,2.51170859747472e-05
146212,0.07314691489052673,5.918644758401412e-05
84675,0.0006334649259074959,1.8561420289118027e-05
6722,0.0002084221473015244,0.0005845079360274792
83660,4.6124152259743625e-08,3.2932342749024565e-05
10100,3.014460028698315e-05,0.00021375701471716688
2235,1.808709881560529e-05,2.0423380739988125e-05
25803,2.7431042505161616e-06,1.7032396837965167e-05
10069,0.0003386640560909166,7.720684041632062e-05
8175,0.00020028424071875757,0.0002200450895333793
5393,0.0011187374948157453,0.00010919917758388376
373509,0.0004316416243136649,1.9043334495896643e-05
161725,0.09772449377431298,1.7352368511908013e-05
6657,0.00013365168178216773,7.798615494717215e-05
8605,0.00025258046417073096,2.0352559918052926e-05
23026,0.0002831522332241433,3.705687936230303e-05
8287,8.581695972752882e-06,2.6038400682229895e-05
1870,0.0006818163839591074,1.4472591104705063e-05
84188,3.1633020110850252e-06,4.918508288236078e-05
9329,0.0015125914628452053,5.798323047207441e-05
81873,0.00016287628827100999,2.0701958644936345e-05
259197,0.0015399162564242606,2.4575340935270857e-05
23135,0.0012058275009633741,0.000783562702047143
4956,0.002019633314849413,2.3639585817081187e-05
1902,0.0014261580837554003,6.384610196739653e-05
116844,0.00025258046417073096,0.00010917176823108365
1271,7.089354309557896e-06,0.00013036986948839038
11337,0.00010386991274440751,0.00041409853184297483
54882,0.000645159042935673,4.016193305683504e-05
6547,2.266260990311675e-06,5.616830535937341e-05
83591,1.33632566835576e-06,2.807646412958623e-05
5657,6.144257776534072e-05,2.9941088790928786e-05
55187,0.0003178565604839352,1.49194602566842e-05
1901,0.003002173149686319,1.4283859352359894e-05
23435,0.0001477639877888659,1.4884812539904951e-05
5569,0.0009938961590977404,3.947794363244049e-05
54893,0.0003583638246674246,4.67175489335491e-05
284352,4.1165833589954845e-06,0.0005874967701941503
3485,0.00012032622219933364,6.508081815713688e-05
3066,1.1228778886757728e-05,6.413040943309306e-05
26251,6.509056138098764e-05,2.1259075500802758e-05
933,0.03958832949684567,1.514080344839087e-05
4857,1.3284418902195189e-05,0.0002813818243193733
25932,5.8726576867973195e-06,1.4884356193320187e-05
26468,0.0003804169790290363,5.8525167822605686e-05
57553,0.0007889772660013561,7.796799523419403e-05
3795,0.0009713479498204871,7.968410780415194e-05
220213,1.249781635083706e-05,0.00012217794242730387
57484,0.0028934142068448936,0.00023548009730489747
1123,0.0008822192475609651,1.455295483600974e-05
9101,0.0006946157316185158,2.2428836533930315e-05
342371,2.5322104278136567e-05,1.5186295839290677e-05
55914,7.829005546574789e-07,4.0863242767282275e-05
25977,0.0006362590356371796,4.549687960020907e-05
23513,0.00019621528016537673,3.938722665094039e-05
146894,2.4773871930479947e-05,5.3117285804679375e-05
23019,0.0001393029276010684,3.471611423124933e-05
51307,0.02452157822917039,0.00017206809738204171
285782,0.0037871679670886107,7.46633786935124e-05
5272,0.00025258046417073096,2.2121680916276434e-05
159090,7.092704845859056e-08,1.4788908057693157e-05
386672,0.00021960226409565943,2.552145054963146e-05
5068,2.498844830042387e-05,1.4482685292670133e-05
57082,6.719635490991217e-05,0.00011014451374592823
57576,0.0004235823777227164,0.0002240933434790739
810,0.00013842461629614555,2.648678648490981e-05
50624,0.0004607936717010292,5.2627710564875625e-05
10611,3.064546935381347e-07,4.071275172432515e-05
221458,0.0005174124498084781,8.934473733105041e-05
8890,8.059137995175569e-06,6.874265831983963e-05
4733,2.2197237572526472e-05,8.032544378077935e-05
8603,0.00013422952193069886,0.0004761312918237692
10621,6.884638793070959e-09,0.000104927851770592
399947,2.6974706348304292e-05,1.584094721960039e-05
10283,3.160850973288528e-05,2.9765470588390342e-05
9189,0.00010185790025218321,2.821430022191062e-05
64855,2.2988178293851892e-05,2.7913945376633624e-05
5998,7.776386081504848e-05,2.887512922780079e-05
10653,1.63568343106484e-05,2.746736650902979e-05
10992,0.003096062694888843,2.443230726829124e-05
9699,0.0015208172996640683,0.0003206050607974141
284040,6.448194164491354e-06,0.00015155468551749797
157506,0.0024624742318952093,1.455295483600974e-05
5968,1.73032037514978e-07,3.107905000738827e-05
51291,2.819183168005912e-06,7.459922104269094e-05
55195,0.00028213007003551353,2.22626861505237e-05
6354,8.624313867828136e-05,2.0981452708504762e-05
10199,5.230712024427868e-05,6.831186611187362e-05
1879,3.3349926436473864e-05,1.4027793349685954e-05
8190,5.142914695016862e-06,2.0395017885940854e-05
5747,0.0001563118692263466,1.738358090910024e-05
586,5.0756825435835446e-05,4.5458883094668346e-05
9051,3.4769784673235013e-07,1.461872665990806e-05
8991,0.00015458556235421858,1.4885081151045723e-05
285596,0.00020520570303905362,3.685501925620256e-05
29883,0.00017883642943568084,3.643571390099056e-05
6181,2.786722216872904e-06,5.597385788624935e-05
27258,0.00016671980196381883,2.2787907371217385e-05
92960,0.0008882046139702145,1.865435967074127e-05
51363,2.9146609369339364e-06,5.139063977209866e-05
7386,0.0002130543172770765,0.00010881388455893672
89941,2.348773118922267e-05,2.6173148542213135e-05
3766,7.3087978480852725e-06,0.00013261713734972515
1740,0.0011397434938505916,0.00011658629368061941
23670,0.00013809275074149084,1.536586324263022e-05
55367,4.2725352537733284e-07,1.5049165615303284e-05
9833,4.7130136767170274e-06,1.488939147598829e-05
9352,2.717180585726235e-06,1.6558716023407713e-05
4163,0.00012762050426679371,0.00022450970364448888
64219,9.37552219182794e-07,3.4660881599040234e-05
7175,0.0002846916334063856,1.405219414816638e-05
113263,9.34765455202612e-05,2.9857329760071235e-05
350,4.961072565161311e-07,4.219011356346476e-05
6188,7.713620218467632e-05,1.4971777882356127e-05
79665,1.0968723477539278e-05,3.8648175325355125e-05
115426,0.0006998678604878788,0.00012184286491816636
27000,7.707584381314841e-05,3.4682668897953016e-05
8339,0.00018927218264355508,2.2101991461633368e-05
6491,0.0001940442067864282,5.2742344371745785e-05
340784,0.00027624849874732164,5.997059009170108e-05
10616,3.307510731970277e-05,5.241065164181966e-05
10636,0.0112076285789678,1.6964771615383437e-05
10494,1.8605610071534156e-05,1.9653749285237564e-05
3663,6.414455490623148e-06,0.00011700726024206049
26986,5.345714048928205e-06,7.291586174382623e-05
84444,0.00014460859999584682,0.00033885811153737833
7837,0.001239372215454865,3.875074603667511e-05
6098,0.00014708217480346048,3.565627181690863e-05
84062,2.3858729817643047e-05,3.04881380849754e-05
2928,4.450975955171445e-05,3.947962790809156e-05
5723,0.0002492894800571773,2.1804293891641034e-05
9183,8.35021374840469e-07,1.9213081111970622e-05
7345,1.580556172118338e-05,2.0069313913904528e-05
23197,0.00035504261079596645,2.3522004884850075e-05
6197,0.00017382846340754989,1.6979390461351482e-05
8581,0.00010336219702029589,0.0001261981848442749
6328,1.6910078837595988e-10,4.8587369367158266e-05
29097,0.00013096446788463,2.9651111973432667e-05
4603,6.165127811992416e-06,2.12093614165917e-05
1512,0.00026983393224725376,1.4272319387574486e-05
1673,0.0002777817024951815,0.0001199451121250465
2170,0.0005217486789510968,5.486016450894124e-05
4054,0.0005830984832357833,8.306702966756713e-05
8661,4.397543881867255e-06,5.017609162067883e-05
2492,0.0003144703192902422,7.325120632195856e-05
5331,0.0030897725066770664,2.7029296163014338e-05
51616,1.4809520414829008e-05,0.0008518863488077214
6607,3.2408955094310306e-05,1.7296462285486416e-05
1112,0.0012307438178797395,1.9721844912594834e-05
51,8.186970419882817e-05,2.6983054499765224e-05
22985,0.00027254726528398184,4.8604107542345984e-05
8419,6.133694292325244e-05,0.00020115344720415959
411,9.463815316834056e-06,2.2685202087528048e-05
9753,0.00039035688090695064,1.809188345446656e-05
7080,0.0001384117330893806,1.4162914208397487e-05
5775,2.9595251006221542e-05,5.084901507179151e-05
84735,0.00012670683888350685,1.606097018664001e-05
11345,0.00011629393098339494,7.292500536553892e-05
56478,5.1663453619902976e-05,3.475467984553254e-05
83900,0.0003256794385547028,5.839755025811845e-05
55964,2.1264403325054115e-05,1.94334135833696e-05
3773,1.0028997706671175e-05,3.4260568777948094e-05
57003,6.456656918465991e-06,1.4186842370547823e-05
6299,0.019970653425542783,2.032712648862155e-05
4908,0.0008456326466657704,1.6826097033411675e-05
51126,0.00013373425153633683,0.00011044214245635617
8554,6.01611974491761e-06,7.245552515082851e-05
9493,0.0012890179186652098,0.00010619971573137208
2693,0.006709454855777876,1.4777843804584676e-05
863,2.3414708008742833e-05,3.0475736939065403e-05
3892,3.414980342160299e-06,2.7886891252846417e-05
57578,0.001097592652281494,2.5503249739195317e-05
5063,4.529354572437621e-05,1.774752871417832e-05
171024,0.0008589748166600814,0.0001074609582762091
147807,0.00032472243601461954,4.889014650773246e-05
1329,0.0002986902590106565,3.595530039044985e-05
81693,0.0008907405205934654,8.700180988308033e-05
283165,1.7436264889167686e-05,1.9513327404179954e-05
3631,0.00012015318546596486,9.865200387945965e-05
286006,0.0002183460908890616,1.4247527600728837e-05
23376,0.0002719788313409218,2.1891448422744223e-05
3362,0.08629250718314196,3.4827825066460415e-05
348235,0.0006651514760043181,1.7745606899289173e-05
57333,0.0018729003797145344,1.383323796412565e-05
3099,0.002036197983816808,0.0004016775624042702
6643,3.255006158315998e-05,3.705421557308527e-05
1060,0.00027151088057909926,1.5184227580563561e-05
7124,0.046467053519735235,1.84848101721986e-05
55374,0.0006306202785342929,1.425348019749011e-05
5170,8.964353251898439e-05,7.039641790590562e-05
89777,6.356533017621771e-05,3.9944936240912416e-05
6869,0.046102640610310434,2.588304368557219e-05
283518,6.4570117183518225e-06,0.00016583431444525945
55631,0.01752239600363589,0.0006131477180371093
337879,1.1708662832156924e-07,9.144392901195046e-05
7571,9.858228814420489e-05,4.066253930950905e-05
503542,7.223128144905205e-05,3.3843421752678064e-05
961,0.00014129682070551089,1.4699641257903175e-05
3236,0.006807736050006222,7.514191487842647e-05
8708,2.919334484378051e-05,9.140207032349685e-05
9516,6.8031537676272246e-06,1.68945339210355e-05
340359,0.00011908052372692739,0.00018376969772482444
219854,0.07279278948238906,3.0419470175937946e-05
8781,0.0006332758913896568,4.4079701220388215e-05
56256,0.0016286779568643465,2.3825352710355344e-05
25898,0.0002130997752251817,0.0005120410699378668
6716,0.0005888966842654797,7.743083203836873e-05
23396,5.143819340389735e-06,0.0002446043193996945
1829,1.9083421156264253e-06,6.466429580616564e-05
1908,0.00785378452723001,2.092845526954698e-05
445,1.9607556858220086e-06,1.8339550462033182e-05
9644,0.0002877528072508109,0.0004313728942278958
8398,0.0008732496330282576,0.0002479669082645579
30009,0.00015850662263941395,4.95385269778256e-05
11093,0.00014662291090346302,2.1752201288096903e-05
344558,5.146308906309256e-05,1.4248336002626472e-05
11326,0.001621828995242793,0.0002283060900688252
1837,0.00046733327362264435,1.5332739415600032e-05
26277,5.582200629233396e-06,0.00014399984766009025
83853,6.550604510009688e-05,1.8272845230237713e-05
22936,0.0033360906676910113,2.134724452712517e-05
8895,0.0016901071794368412,4.599499946116619e-05
4683,0.00020226201723376404,1.7313839079755277e-05
1621,5.781954058464665e-06,0.0011866444413909472
54764,6.267908882459804e-05,0.0001550600780545133
8718,7.229222404242795e-06,1.4742274740790414e-05
22893,6.968726876617312e-05,1.5311178971951127e-05
25820,0.00046072595269554744,2.5945803612617053e-05
7428,0.00025756964265761785,0.0003510349232149508
100293737,0.0008305802498253151,3.984744323015716e-05
2535,4.406748640179721e-05,0.00015672111118108197
537,1.0694826784481911e-05,5.0574227221534334e-05
55607,4.887566908825149e-05,0.00010388301328775797
5598,0.0015978856562911068,2.226382391849189e-05
55285,0.0009004729303037037,2.2581131963780906e-05
6903,7.868043349180295e-05,0.00013521761988460177
100144435,0.00032280866679113945,1.5507314358134398e-05
117145,4.3230946750496603e-08,3.0119889438405903e-05
9015,0.0005298693769582376,0.00044948837887835697
206338,6.366418341341806e-05,3.279021967797298e-05
316,6.322061868244498e-05,0.00010939730300888283
9690,1.9663873358947195e-05,2.385014356265922e-05
2182,0.0035389689027188814,0.00017032881060894363
89869,0.0002532753210765375,8.410468636046249e-05
317671,3.5696653886484034e-06,4.0671151725548484e-05
143879,0.004576426022998963,1.9043334495896643e-05
200539,0.0001217052432870276,0.0001482213450655013
55295,0.00030400977095113865,3.2706502919393456e-05
5913,4.437992691324097e-05,0.00048050679651761685
148022,0.0003771419518834312,0.00017918512282274826
9557,0.05399524624688684,7.058321802300202e-05
347240,0.0008959138449997491,4.172630172197861e-05
9948,0.04300061258056545,3.6717593778267326e-05
11325,0.00011223460790247349,0.00011628867404922077
9525,0.00027609598210453823,3.5546563378204156e-05
57520,0.00025673577428257633,0.00013482602451171704
5711,7.64137875554634e-05,0.00015129242003934627
79589,0.00260176026451518,1.4626034461685203e-05
11004,0.000251268182012492,5.5973272833467306e-05
29082,3.938243402051753e-05,0.0001420915750427968
26298,0.0001327135837603442,5.301514983514207e-05
2626,1.1622169596639153e-05,5.98067441746018e-05
83636,0.0006606361771267597,8.484578690706282e-05
8731,1.0558130509670544e-06,3.216952599382689e-05
10389,4.110965327573659e-05,9.094349759106851e-05
51185,0.0003445293933512881,3.224206472050872e-05
5753,0.0007224910278158997,4.5470213060701084e-05
3048,3.818950336837004e-05,2.0216278500899315e-05
80864,0.00026795475808717397,0.00032618640140422573
84654,0.0433427646737487,0.00012122331118021375
10399,3.308121838532644e-05,1.5409032766972174e-05
1263,5.387655278277241e-05,0.001283367831155004
2184,0.002971740623835455,0.0001593313550232057
55281,0.00034737982585362695,9.026952821244556e-05
226,0.0010116136787867414,2.7469877666166087e-05
2908,0.00010873472519931,3.175097609604599e-05
54765,1.4953871992439753e-06,0.0003136744822956629
820,5.865843006917002e-06,0.0001426738700145455
51319,2.9693542257766134e-05,0.0002674446250746054
387882,0.0002585470585578852,3.79559404039933e-05
151871,0.000416977182758507,8.933029652963128e-05
473,2.464731145334941e-06,4.838775705403881e-05
51111,0.0009788720517501998,4.605556924755621e-05
154,1.604856288080448e-05,4.372917374166461e-05
80198,0.023994902914611524,2.5850055676328583e-05
2868,0.00012840879015821205,3.821413813057573e-05
6135,2.7542358701649973e-07,1.9049533079156155e-05
6452,0.0001610613670330627,4.0376179942531464e-05
23468,0.0008995915425965384,1.9416325539913807e-05
604,0.0001569498201470396,0.000117299441481564
10113,0.00016657957169577902,1.5380911257791446e-05
386680,2.416301196716278e-05,2.8108667045512382e-05
10189,0.0002512962008772714,0.00014427031437370795
22974,9.466171318845174e-05,9.129952438310217e-05
5324,5.60459420420754e-06,3.613590740827898e-05
23211,0.00022405802374521637,2.6044320087125838e-05
9416,0.009756732228402289,2.8562840092513707e-05
60685,9.623483241193428e-06,1.4321529461413176e-05
10056,0.0007812621973415999,3.404534859588559e-05
92482,0.0003445127414672373,0.00010257394569590294
8842,0.0004468574789134121,2.5356692255982375e-05
4148,0.00011866950148965296,3.1833964243724754e-05
132320,3.5906031819876336e-06,1.7722162392455146e-05
5578,2.2045265747242677e-06,3.743594221713185e-05
4240,0.000530727311203205,2.3081353232816296e-05
51384,2.651467727563057e-05,3.414618208424663e-05
64407,0.00011316295416695897,9.901804065354962e-05
6147,0.00029706682292896,3.214145352159112e-05
55622,0.0002608016514788389,1.5772017579388043e-05
5500,0.03928422136220382,0.00011023169225091414
2937,9.03662653740443e-05,3.6302022435938055e-05
5792,5.69099802456375e-06,7.361049010065253e-05
4017,1.1326955530881976e-06,0.0001720215068132428
80345,0.0005580543901729366,1.8739547613955007e-05
1975,6.991263488687019e-05,1.630733434561838e-05
123016,0.00012370247739777702,1.4118858799340713e-05
27125,0.00030246753177916476,5.5825816519632006e-05
2275,0.010454517638720646,5.552710423749069e-05
374355,1.4611054899731467e-05,2.418508296004843e-05
4729,0.00018624458626356137,2.105792760956814e-05
2208,0.00010241405587084609,0.00016999297937500663
9448,5.585165481436955e-05,0.00011158959953318161
6499,0.00037633502846102634,4.154012899268939e-05
9851,0.0008301450559362217,3.714264142925802e-05
133022,2.1461026188079635e-05,2.8072911102856726e-05
29935,0.0012629915976155016,2.790086006029276e-05
836,9.937747830259138e-05,2.1734696600722654e-05
9093,0.00021554058879158776,0.00011327191914799665
321,0.0006416552068649879,5.1584714681717086e-05
23089,7.075314811340451e-06,1.5130882159570226e-05
1082,0.0004069105555263463,3.058907864688015e-05
23265,0.002342981193232848,7.978530790525017e-05
56924,1.7146109062567433e-05,6.723081303865857e-05
10254,5.310506425423554e-05,2.8150949679349127e-05
8883,5.493678961835385e-05,7.54294492484133e-05
4504,0.0007274147059909201,3.269744388699646e-05
5828,1.9765585434198984e-05,0.00023063878812103268
7128,0.00023446344683763107,5.201259177408257e-05
8407,0.0009514228718898143,2.499619688309775e-05
1609,0.0008042636538573864,1.471614419853999e-05
26959,0.000258758451771082,4.681756778708864e-05
733,0.00019435740033948605,1.8079379590897524e-05
9135,1.824567843145446e-05,2.5653780167611256e-05
53635,3.092756094453497e-05,6.248374423065865e-05
5869,1.6479339308419275e-05,9.787402356279296e-05
2895,1.876819337199967e-06,4.143059134877843e-05
6117,0.000779844160215548,2.7660296434157663e-05
91694,2.061734924760282e-05,8.14508111126785e-05
51751,1.02228285926884e-05,0.00015770749543479658
2534,0.00031825557311047773,0.00011096804048976987
221092,0.0001245678299025404,7.773902882357024e-05
79020,3.3987031811289393e-06,1.7314311602543793e-05
23190,4.866954916574358e-05,6.169604511957016e-05
25831,0.00023659983806841262,2.020833027634424e-05
51545,8.87508088792463e-05,1.5169219583617326e-05
6184,5.582200629233396e-06,4.85055287257273e-05
10859,0.004354224282044434,0.0005110257983013857
8315,1.1224950841475268e-05,3.178830748077781e-05
1062,0.00011511001910075871,2.4395708295266063e-05
9170,0.0028134165581907263,1.4309357802202588e-05
4705,8.506715327451892e-05,9.830341130727788e-05
91392,5.806702807486491e-06,2.7095002736899514e-05
10121,3.697400230011759e-05,1.4304804500480291e-05
57696,0.0005579801783913659,5.723247466315494e-05
3655,4.5265279418751315e-05,0.0001070270007672778
54455,0.00031066000479690445,7.758236489087418e-05
1979,1.1243443864661259e-05,3.8942547676728595e-05
65264,1.148436825351347e-05,4.367914498655e-05
23476,0.0001199104023285699,1.4271182430968233e-05
146760,3.353469599920544e-05,2.8572601889378e-05
57620,0.0013338757399786285,2.1462032333672515e-05
2975,1.3683301185154056e-05,6.441516009957653e-05
5567,2.0108003596605582e-05,1.67188533303508e-05
53822,1.5637850815120566e-05,0.00045739756436521294
79019,3.9890032539367426e-05,1.4798824666548729e-05
80852,0.0030841379482174146,5.97939114288126e-05
375,5.5177995964611304e-05,2.324340449103441e-05
80727,4.8059329162608915e-05,2.385154112046704e-05
3549,0.000601328270669282,0.00013896764270662375
84954,0.00016071746761013068,4.801298860145943e-05
9798,4.199582424601454e-05,3.6086618783273284e-05
22800,1.3495642416886213e-05,1.9043334495896643e-05
55922,3.348611330897085e-05,0.00014837168075927133
10998,2.1158016435397124e-05,1.4536694847449575e-05
925,2.109649552075677e-06,4.1515493604298384e-05
9415,5.789786604680661e-07,4.210896749433174e-05
119504,0.0003492562175649694,2.2139960272621215e-05
4128,2.1582089669824776e-05,2.5600902814468887e-05
283450,3.496192766046139e-05,3.2098156493365416e-05
55093,0.00018758443458529944,0.0001741830730448049
11267,1.7123044490347162e-05,2.833101239682191e-05
23141,0.00032547742663106865,0.00010472628042586122
126374,8.259080889805523e-05,1.470057508777237e-05
80258,0.001111969174115305,6.015252398238759e-05
2720,0.0008630942286370443,3.2848307437086295e-05
114904,0.000217780510132382,1.7470859373915583e-05
9815,0.00032820151391056614,1.558031047929069e-05
4087,1.3722028486814602e-06,1.8345281812376137e-05
26034,0.00038591946854655873,3.0746636769529114e-05
57002,0.004764828368523596,2.929007793253642e-05
79843,2.2242509336676542e-05,5.986958087934451e-05
135,0.00012211338282387422,0.00017583907164819222
6610,0.00014306456670221772,2.014390436025741e-05
8833,0.0015006451334603583,3.909951796592244e-05
2877,4.897072482186017e-08,3.0252180989703823e-05
3783,0.010446081064988398,4.497158504531079e-05
93487,0.00013292348414809424,0.00016475946116547937
5194,0.0012401480415480874,1.547009118141284e-05
7536,0.0003387243442724257,7.505024378621324e-05
56953,0.03906905918976609,1.49538784854226e-05
94120,0.0005819394415189697,1.586652433887803e-05
8798,0.00015665239034576956,1.636779933723679e-05
4642,1.0839772067666729e-05,8.969287632589535e-05
9907,0.00047479791199743347,1.4470861797779234e-05
63891,5.032181574889296e-07,6.723587775758519e-05
51422,0.0013605164795986995,3.766157312796772e-05
7555,4.285379904160161e-06,1.449031606667457e-05
3887,4.2835492213200576e-05,6.676801005266304e-05
8935,0.00034694919301062,3.2444657877981377e-05
112802,0.018841844017082585,9.310934994551363e-05
624,0.0005206604086144972,0.00012102482623964562
2057,0.0002147634667690068,3.3645155742020836e-05
79849,2.8580490996580173e-05,0.00017834524457216395
9360,0.00010257420185369524,3.6159320516549544e-05
27244,0.0010428595162052677,1.524329954025009e-05
639,0.00027561573134032754,0.00012183802397674846
5546,0.00045910601019267736,6.104550966439632e-05
29098,0.001725229290134933,3.647218930825157e-05
254173,5.970275498924229e-06,5.334113334199203e-05
6477,2.599141110809725e-05,0.00014161406466747236
9265,5.995248881125114e-05,2.2522689344540037e-05
139728,9.804108532762954e-08,0.00019054877736800815
23189,4.277661702172533e-06,4.59656427947521e-05
5479,4.461435607245623e-06,0.00011128041308549274
1584,0.0005403358386782453,3.326354428666165e-05
51072,1.858975720243126e-05,0.0001958952111372677
1983,0.00012789092005991272,4.90486345041538e-05
3757,0.00013432906013047217,0.0001604089194866368
22983,0.0005106595899425528,1.8714892954957736e-05
706,3.999115408752792e-05,4.7244662088206285e-05
90324,6.5113990595596585e-06,1.5895864153731238e-05
126382,4.062719970502344e-06,0.00010313436089898923
538,5.7151127452680065e-05,2.108689223704426e-05
55968,0.00012711369292381245,2.943185091174127e-05
64858,0.0003567931258106089,6.873356082081657e-05
7456,9.659997508843477e-05,0.00021937274359571415
1476,7.43656749048257e-06,3.287138051068105e-05
25950,1.3135633346017375e-06,1.4329873953294685e-05
7226,0.0007059159149752564,4.282226391775812e-05
501,0.0004984529397243655,5.181687444023454e-05
5575,3.218141895364104e-06,4.301627301427509e-05
79728,0.005131656595422404,5.341093344768098e-05
51715,4.1391345103293585e-06,8.82558503771006e-05
55611,0.02555575795060533,6.601535245325762e-05
3982,0.0007290594480605118,1.5874669654448474e-05
55062,3.712656756793314e-05,1.9898466772946722e-05
11222,0.0005216918222704891,2.1065557684343024e-05
158358,0.0009880811433823078,1.9691689962414084e-05
10447,4.931527087243824e-05,1.5171147075689522e-05
57097,2.9885641752781446e-05,1.4790929424787084e-05
345,0.00016029519073370384,4.6344265351596946e-05
5108,3.955937496472434e-06,2.8327478951215576e-05
634,0.0013175692926572636,9.406119079411176e-05
79369,0.00023834135490995233,3.8078594953817315e-05
643,0.0003472448873669745,2.219474841983912e-05
89970,0.0001562892501757824,1.4506047050914546e-05
9073,2.4101525491596975e-05,6.64708259665748e-05
26017,0.0002987649075147213,2.458525222779264e-05
10068,0.0007061529420536083,1.867015574734548e-05
9783,0.0014059107166861612,7.89703702101993e-05
3839,0.04256582474147841,5.516963470315039e-05
654364,8.425481058780808e-05,7.759411009263747e-05
7841,5.632798268671068e-06,7.875786398705693e-05
23184,0.04016448250587393,1.644477208503253e-05
4807,0.000823965141483285,8.70269322095235e-05
259240,4.254478967079224e-05,6.401621176236099e-05
114609,5.227076541611419e-05,1.4914800520991336e-05
10479,4.4260129301716354e-05,0.0003772307530195023
8641,0.00023200109718785164,1.4532070222132016e-05
116966,0.0010435556453412642,1.5036968553056852e-05
6403,0.007877075855685133,3.742934019820116e-05
60684,0.0007187353987147408,4.850424173545768e-05
285190,5.7882255680170875e-06,5.235916361421253e-05
1407,0.00020108651119433494,2.3642238065509636e-05
51804,2.2597199764991087e-08,7.110877151880502e-05
9672,0.00039290264047814913,2.105149470829637e-05
550,0.0007358149566765584,6.789187708405965e-05
23327,0.0001282166479782385,4.098906359783357e-05
10432,1.2397715253414459e-06,1.7750729927609903e-05
63948,0.00011506791621143363,3.479562562767992e-05
4123,2.570595291421106e-06,2.6139314081087373e-05
3274,7.314660170046153e-05,2.8546517122205433e-05
661,1.9256060673414897e-05,4.628981350842697e-05
2688,1.9322144240546088e-05,0.00018202634507553884
4897,2.925985523679116e-05,8.747379624588033e-05
7728,1.8746746828648528e-05,6.307585471511127e-05
57667,0.0011578047326150894,5.69640200034127e-05
5690,0.0006378342481078945,1.9786480593653717e-05
6906,0.00024243372358455218,0.00020280385356701987
80174,1.0593948416238196e-06,6.23929124935866e-05
3310,0.00016627221735604215,3.3673980692974014e-05
60528,7.637191567976487e-05,4.191089199779419e-05
9984,1.0242201177823869e-05,2.657524705393327e-05
2213,0.0002700351950096042,6.006662469244052e-05
27089,0.0004190880982161644,5.034205450625153e-05
55184,0.08057639314094665,0.0005016393136280903
23332,0.00019221809701671562,6.421817881947266e-05
337972,0.0637293372163793,2.4266377069804946e-05
6604,0.0002278448158720924,4.630926502758385e-05
414062,0.0003050833588765702,2.1281877483880955e-05
91056,0.0002625769001260972,2.795967814056609e-05
64854,1.0348053577741234e-05,5.4052289435223113e-05
8668,8.58445654467161e-06,2.6730917694274037e-05
90799,1.8968635238577e-05,2.4873067737068315e-05
83637,0.0018633150791047925,0.00013887146158371083
23431,0.0009040677399467082,1.466887114710793e-05
5414,2.581791712251273e-05,2.5855064021666246e-05
79096,2.8162515739270405e-05,3.569689594272548e-05
23493,0.0030814755693916564,2.5155305661051722e-05
1969,3.5945385600852805e-05,0.00012369245548208408
26993,1.8487511045332713e-07,0.000142443478412114
7274,0.0019034525097239578,7.285376487618983e-05
5827,0.00023554208341908237,1.5305708690996492e-05
147339,0.00010142832519240018,6.103332942895447e-05
6330,0.0002236888061788418,3.700086282729743e-05
60482,3.083196236961184e-06,1.459952384196933e-05
93643,1.5898923869778554e-05,0.00011724313689614545
1909,4.5208568779239024e-05,5.4796631571163486e-05
112869,0.0010638605840770522,0.0005232956395849765
5413,0.00010634057206351416,6.183090615896173e-05
1442,0.0006619781731922176,1.6120482653642498e-05
8406,7.901236011929222e-05,4.471372763029039e-05
2590,0.00011670412317551638,6.497676391745166e-05
29928,5.2833911751745236e-05,2.1936542255997122e-05
196403,0.000289592074226257,1.4391216551601581e-05
7504,0.0001711068249011019,2.2951188988949135e-05
56952,0.00026066908173165486,2.2324470128302904e-05
8453,0.029613602959560358,3.0188464349006796e-05
80350,0.000575283139694295,0.00010596120731272288
91768,0.0004289004571613798,1.4699641257903175e-05
80319,0.0006165047523412702,3.460853810788573e-05
7844,1.0902043944368182e-05,0.00048374271359568895
6597,9.858453706722224e-05,2.6641774069592568e-05
27309,2.5290070727670035e-05,1.6522749532824603e-05
7534,0.0007191138587037213,2.5101086844751387e-05
3001,9.708350286355991e-05,8.813469929819953e-05
8326,2.3365449477670796e-07,6.826271023659675e-05
3854,0.0001216182737121804,1.4755507694088296e-05
63898,0.0004992982869388639,1.6729151822996346e-05
9076,2.814374410139727e-05,8.730178523131246e-05
7566,6.107072565484276e-05,1.4740263716868575e-05
5991,0.00033235171915052693,0.00015303822458371266
2566,0.00043246536157735,0.00010076887771751245
2670,0.001112577670978115,0.00011395994825412806
23741,3.984036511420163e-05,4.8582834514437984e-05
26052,3.5310862268638416e-06,5.339767201357142e-05
23195,0.0005276562593660064,3.7858766569587655e-05
9721,0.001531920555151319,4.8593326362226795e-05
2596,0.00036812664844170775,4.335243488829734e-05
23557,6.161665425790248e-05,0.0004495902061294245
10920,7.541696133726962e-05,8.978067905271882e-05
1748,0.04365343541267709,4.532435165220881e-05
64062,1.5173390954222675e-05,0.00010219707890874233
146057,0.00016393841590522747,2.0623241849628403e-05
6429,1.1763189929939061e-05,2.6970684096392016e-05
64210,0.0005046242305894617,3.588638138415168e-05
2029,3.2608196484683684e-06,0.00012336597391169292
8852,0.00016293043599802876,4.048742052576451e-05
10472,2.242906745465351e-05,1.4027793349685954e-05
5079,0.0002604616319041863,2.0716947761206826e-05
4839,4.820935738418464e-05,0.00020606634350486152
7132,0.02933336495034281,1.8881265402068562e-05
5243,2.2197237572526472e-05,3.787754258260153e-05
388372,1.319343856922085e-07,7.106540747089951e-05
23235,7.161181856386249e-06,3.5357859243920156e-05
7264,9.092493019048717e-08,5.177768760901941e-05
51187,1.630997396071423e-05,0.00022696790411625832
5803,1.057302500748627e-05,3.797598801288382e-05
80256,1.4327292276328697e-05,5.7646349376758064e-05
2531,2.2317154087909407e-05,0.00010786850499957142
246778,4.32400756206311e-06,2.5700484348489804e-05
56919,3.149646189730082e-05,2.9636592493015857e-05
26007,0.00017439323459654557,2.470193542236858e-05
253635,3.403021708682735e-05,0.0002710002754629813
10385,1.3193015947415559e-05,3.883402593873769e-05
23583,0.0009951176253207084,4.9324530474441965e-05
7094,0.00013096446788463,4.2680401327789006e-05
274,2.3984356644910418e-05,1.5051611251312677e-05
9604,1.1007890610503084e-06,4.0734450057781346e-05
25798,0.001191761521645047,4.3260145463878e-05
22924,7.150690888489188e-05,3.811081682765149e-05
79899,1.5166790076080982e-05,1.3905549832897961e-05
10308,0.039190503651901715,0.00019424111937646114
9973,1.6043971052529448e-06,1.4885081151045723e-05
90427,6.924120148078575e-05,1.8140841664124002e-05
6189,3.827023209202021e-05,2.7216538705962202e-05
10743,0.00012841881774853438,6.549531169917521e-05
9406,0.0002525941167235461,7.75310758208851e-05
4848,6.260842920269569e-05,3.216679422477275e-05
481,0.0013517470129560053,4.147985562060458e-05
28991,5.098890497649987e-05,1.8806921054530347e-05
84968,0.0002797051753943994,2.010771251171888e-05
3487,0.0001569801550586541,1.8135637617650405e-05
337963,0.004272392383514761,5.569061931052411e-05
5770,9.62494019002705e-05,6.695059344170198e-05
51366,5.258702198414683e-05,3.937958312484827e-05
79986,0.00106145734449483,1.5111397145264613e-05
7084,0.0003710033474603001,8.406851319334518e-05
10241,0.0004201795714287838,3.6706718931052024e-05
2702,1.3114070517139515e-05,4.012526923919375e-05
9603,0.003763785295907425,1.5361322086782766e-05
81,0.0014381408850629085,0.00023031849596832926
387893,0.00013096446788463,0.00016059364016982495
1327,3.756770380417288e-05,3.346094606501333e-05
153643,0.0006064481206167032,0.000176683775956503
51005,0.007866429855908056,7.938274147585723e-05
4316,2.7560917318718116e-06,3.362493823474976e-05
1159,5.414147257248326e-06,0.00014852608705515544
4950,0.0007028559185838565,5.333568194752381e-05
2767,1.825085974473393e-05,3.6194973284520794e-05
8892,1.3690591732701874e-05,0.0005122475227055852
8906,1.0706964398600263e-05,8.137027271851344e-05
85509,0.000564005703358278,8.55652847725516e-05
8870,0.0014693335580618526,5.1359039644203184e-05
4357,6.277691465517469e-05,4.482026951580626e-05
1642,0.0021145740277244674,2.6514840660934166e-05
529,0.003373789958816706,0.0001495702062131114
4798,0.0003518680852575369,2.0445094544565368e-05
8520,6.8031537676272246e-06,1.4588783500456659e-05
90407,0.0005055602812817781,1.7651473992205072e-05
81566,0.00010741184125907574,7.236802056047401e-05
5613,0.0004925975462645355,5.565183771045153e-05
5436,0.0011217515319234686,3.165521656812257e-05
10101,0.04085363397056475,0.0002515459203716306
1473,0.0028134165581907263,1.4186842370547823e-05
84085,0.0005892272479156735,2.630981696847446e-05
25827,1.3766558646946424e-05,7.837374924495807e-05
54866,2.889059065100847e-06,0.00021873687029193298
553115,4.377394441010677e-05,8.001053488464408e-05
516,0.000491596871871985,1.4912845391513653e-05
644186,0.0006835180709422562,6.158530755669638e-05
23234,0.0010246112745810752,2.0609863568674756e-05
11311,0.0014012923178032715,3.8756511451412735e-05
84273,0.002365922930488323,3.664232298260696e-05
1788,1.8237983348192108e-05,5.208622051158743e-05
1652,0.00034634677066878983,0.00010901285091782312
51347,1.672759173835078e-05,4.1420725887322296e-05
25836,6.133820261767435e-06,1.836103664201181e-05
6950,0.00013688759286790094,0.0001628202993427375
9632,5.791591045636358e-06,0.0001109094637670818
642559,0.000321655552526046,1.5311178971951127e-05
6560,0.00013286219101783564,6.162487875097759e-05
5027,2.4373834347588776e-06,2.516587757711095e-05
23335,0.00029982640679248815,5.670012466885768e-05
23304,2.141856025662134e-05,0.0002782631802787344
51659,5.4601390179978877e-05,0.00016568497710708888
266697,0.00013824009982817354,1.498058553852514e-05
1717,3.0182574046756465e-06,0.00010086042745017452
10650,8.753643013952404e-06,1.581336146335111e-05
25875,0.000346505778132243,1.4891376424680143e-05
112936,0.00010756455718837015,3.537295820314266e-05
7223,7.609964481495287e-05,2.7284638556399995e-05
127,0.000400445758442158,9.765696468200783e-05
57213,0.00682358487169932,1.4282966107941463e-05
84307,0.0011373828096280757,0.00016537852721499116
9152,3.8266204979596694e-05,0.00030190766828503584
84866,0.00032686715453724937,1.447018331882094e-05
25894,0.0006148791478417588,3.7965227891649867e-05
2230,5.319074015081204e-06,2.9558652595260844e-05
27101,4.31947370110175e-06,2.3105219241058576e-05
23784,0.00020150999631630785,6.113480605374847e-05
79734,0.000940462632020288,3.39858069868671e-05
26269,1.2112600591041003e-05,4.9991813429286584e-05
3093,0.001527517231908021,4.1992054168997115e-05
1551,2.0088754340343924e-05,1.630878054105529e-05
9296,5.325226777324816e-05,2.101694705125256e-05
29105,0.000218897778157876,3.2654851524909e-05
4935,9.099485381863953e-05,6.81781058490004e-05
10043,0.00022145631958121214,3.47324174769178e-05
575,0.0002556583208177828,1.4502173306855237e-05
113452,5.147779011060742e-06,2.442390645287159e-05
1144,6.85858411114648e-05,2.1831368734050477e-05
56993,6.448194164491354e-06,3.6567281291423155e-05
578,8.949259465255549e-06,3.87448790851487e-05
57464,9.119805586302061e-06,4.4576431736645005e-05
55553,4.741431376553097e-08,0.0011251272032707631
56975,1.2081486736537402e-06,0.00012446791641900756
648,0.0005057612855662466,1.8025294119235922e-05
27023,2.275962108407761e-06,6.441512284583099e-05
26268,0.00043342937446287476,2.5126353946058155e-05
9444,1.1553425305434518e-05,2.5674309208411552e-05
84064,2.6456415746794154e-05,3.403163985128079e-05
5745,2.2018864889059565e-06,0.0001140615835494729
4902,4.106222031501967e-06,0.00014589053095704274
2175,0.000993357537631586,1.5353329434891943e-05
6323,1.2682805038496592e-05,0.0001208872796629564
7711,0.0005030387476084035,1.4507131980642917e-05
5618,7.156696907332559e-06,1.8051214278795707e-05
29110,0.002436554521534027,6.794619594531834e-05
57125,0.00013713939454782195,2.4710926008384358e-05
54600,6.303241857297538e-05,6.293077763035828e-05
64780,0.00014279928443729006,2.3088039539773067e-05
56142,6.833873183325903e-05,5.420930098710094e-05
94025,0.0005359070792708791,1.628936905353495e-05
91574,5.864391630585807e-05,4.846066486700134e-05
64223,1.3859901546250318e-05,2.6197230417145725e-05
54931,4.7764692547416616e-05,1.7882637687049313e-05
57787,1.582969698543004e-05,1.7672949029533114e-05
4361,3.229392241005353e-06,7.828036537423858e-05
388818,2.919334484378051e-05,2.314753958052679e-05
114876,1.361712443127768e-05,2.6037240644966134e-05
9702,0.0005946749997495288,1.7786207362179777e-05
441362,0.00039264914282776027,1.5679847683221475e-05
339,6.8031537676272246e-06,4.2567416535297635e-05
3005,0.0002883162094763696,1.9929265933309484e-05
8342,3.700925208584821e-05,8.989526941525094e-05
54948,0.0010443181876293715,1.797721369992852e-05
51317,4.942651403387682e-07,8.269488860673269e-05
116092,5.7134970494468114e-08,0.00016900446431424119
359948,4.041518440788259e-05,3.9899098002297235e-05
2239,0.040494613539039645,0.0001025373649704493
80851,0.001055888566134436,2.504816585780762e-05
7054,1.7634929313835562e-05,2.1168981302769618e-05
10179,7.217790924054915e-05,1.592996809354904e-05
8355,7.007158728363851e-06,3.4963380845591985e-05
545,5.55708133586305e-07,3.4596746569063134e-05
474344,8.128707688414371e-05,2.2926493342819115e-05
84816,3.0410268077197456e-05,3.1531837873473626e-05
375341,0.00037176545212261645,2.021456493773163e-05
5534,3.1519067804001653e-06,2.162349924890889e-05
55544,0.00010360947196958268,3.1746581135502205e-05
11273,8.33389202881028e-05,2.9371512132255854e-05
55096,0.0009807257761321275,0.00020118610137584607
83539,0.002006110598505194,1.5311178971951127e-05
55119,0.0001472909593653378,5.801294152267399e-05
2249,2.8723947693432527e-06,6.451150821615146e-05
27287,0.00019260179367073865,8.158197098674788e-05
10346,1.1129919435404588e-05,6.42844580339447e-05
140851,5.60459420420754e-06,1.768052203322022e-05
23509,5.045672682438776e-05,0.00017879331401054918
113115,6.534857599408797e-06,2.3108258000241982e-05
51296,0.00037104645871154866,1.4897681030648523e-05
7186,6.152188668412312e-06,6.362695614167543e-05
10381,0.0014749736169180794,4.4588924926883775e-05
54576,4.29417804666363e-05,1.7403479676031543e-05
7164,0.00018096684470906966,3.3945997085951627e-05
4820,0.0006309494573664845,2.1691442874411714e-05
3750,2.2641395113905466e-05,1.4746089932087553e-05
3934,0.0007602478718333309,1.6030449944713514e-05
23210,4.9155682549925e-07,2.633876017062179e-05
9666,5.830319621757953e-05,2.0828431092931776e-05
84128,9.645477678526754e-06,0.0001861592639067218
4350,0.0002448635194947638,0.00023626662060586504
92104,0.000753817983228982,2.0136700318632473e-05
55083,8.104662048027511e-05,2.5607571545240393e-05
56891,8.593756809279365e-05,7.443674128180841e-05
100529264,0.0003185408390754879,6.679141694627763e-05
4836,3.3867191499511425e-05,1.64759782299007e-05
26094,0.00020232128070868635,9.558584931280944e-05
55450,0.00010538923160355853,1.837221129670596e-05
7589,3.8814779243282845e-06,0.0002525737045604112
79175,3.1785366566054544e-05,4.1536538689946366e-05
7058,0.0013936005363713489,0.00019421154531229658
150274,0.0016360364814842425,3.8191145073047245e-05
116983,0.0002174717323602014,7.05074329279845e-05
5471,1.1118912292234723e-05,3.666212207032193e-05
317,0.0004620773469226057,0.00016373067343088019
55171,0.0001154939874189538,0.000325435254726431
6334,0.04620959215610798,1.6737499252853705e-05
666,0.00031593139817288337,4.339894394416153e-05
283150,1.8755792774596135e-05,5.748854102066885e-05
5547,0.00011177544452209235,3.48350938253873e-05
64359,1.2278961014398129e-05,6.437725345349604e-05
4287,0.0005896934194143983,5.372237219530032e-05
221421,3.145126842863005e-05,2.9852436845664502e-05
51429,6.798237831649014e-05,2.4623758956195384e-05
3592,7.453806023473383e-06,2.3046462999881303e-05
5693,0.0005005243926596245,0.00015152583399738055
54453,4.140694915514772e-05,2.724588735967494e-05
112,7.212295613255167e-05,2.1084468171480706e-05
58487,6.436298863395566e-05,3.6753259629642816e-05
283455,2.6023264034447337e-08,0.00023963987813198422
26136,9.776467522594172e-06,0.00013019956310879614
3895,1.173743518926838e-05,7.434398146424499e-05
54892,5.520672757010267e-05,1.4143383710465423e-05
8774,6.783362804450246e-07,7.988485675666408e-05
146540,1.4642880501016429e-06,1.8954453419490056e-05
55652,0.00011320984829921877,0.00019775413326584274
7369,1.1274065693351023e-06,8.299607135117207e-05
8577,4.5306905768159826e-05,2.363304682021958e-05
10507,2.1261501566485046e-05,2.7402222240387846e-05
7187,0.0008548091715242865,5.960604783578416e-05
57539,0.00040794534624311534,0.00011032247000862614
51076,4.3029439180559755e-05,2.264979110059342e-05
10566,0.023124537042109553,6.327255521636212e-05
3015,0.0021219857416348202,8.215627137053819e-05
1395,9.140710278457996e-06,4.612399878391516e-05
7059,0.0007035991108240214,7.251533222408102e-05
54915,2.0713798751651507e-05,1.440042529965561e-05
55299,0.004054484047119582,2.5323051571554076e-05
5481,6.8031537676272246e-06,7.204876744809798e-05
257062,0.0015574908350132004,5.978997122550684e-05
1013,0.0019677427557888327,1.7883495225021013e-05
147841,0.0005384794227791004,1.471504717470224e-05
9132,0.00012723247128180768,4.841542045417038e-05
122769,0.001442983809511441,1.6065056971710183e-05
57335,4.430852841097837e-05,3.2850869138337485e-05
5532,0.0006115407966413018,1.3592390350292466e-05
374354,0.0023776846277157467,1.5008345966433134e-05
79984,3.628896092812054e-06,2.184357040495935e-05
84141,0.041012306695488845,1.682176529222132e-05
675,0.0004173013924764839,0.00010610729741643273
1452,2.92293239682687e-05,6.142611555259387e-05
55904,4.534566533969571e-06,1.4506047050914546e-05
57186,0.0029416394817107176,0.0001353357004370775
462,5.241807405325119e-08,0.0004214538953640568
4477,5.970963354420179e-05,1.4556338237361563e-05
5236,4.788204031993188e-05,0.00015020263197220866
133396,0.0009193584426773978,3.938904446087403e-05
56894,0.0006215336689732974,0.0005631154184704232
355,7.497757181732869e-06,1.5311178971951127e-05
10116,3.645101296605886e-06,0.00013141277183627926
79720,1.6866402750890517e-05,0.00021718568488863035
6623,0.0013062404050497747,2.017539714791904e-05
51157,0.0013913352411186212,2.4445361839881063e-05
10253,1.6366638845872455e-05,6.98653648947712e-05
3503,4.045090004982335e-05,3.748710256667028e-05
80347,0.0010639041556717442,7.153854220834978e-05
1806,4.923162161130195e-05,0.0004154855208033767
4687,0.0012983697115436475,1.4622123652963543e-05
9587,0.0002878427590709966,0.0002641931316982757
9912,0.00039512513741639345,4.760426252126876e-05
3708,0.00043069452096810505,4.755456033386821e-05
29780,0.002078191098937373,2.3942481000881288e-05
3992,0.00010239392752279153,0.0002734697215596765
10766,1.0967600708328761e-05,2.5014905165665896e-05
5469,0.0003835545140098151,1.64759782299007e-05
7450,1.3836923668973089e-05,0.00015715039658640117
92241,2.298814829951709e-06,0.00012725101709718946
6004,0.004806455047460884,0.000285875738524948
140707,0.00013646699282141933,3.229258880133854e-05
6218,0.0001550848777708354,1.5091767818644506e-05
5213,0.0001289742949335154,1.4641811586208927e-05
6713,0.0013492363086018357,2.854519238207827e-05
2995,1.0219104609020758e-05,7.494663018349005e-05
653404,0.00016163365092173066,1.558031047929069e-05
8260,2.9579112337889674e-08,9.825145039212654e-05
25876,0.0006668094077524896,9.648811077126083e-05
10127,0.00024306630560366605,6.10707534803707e-05
374928,0.0005409017501735037,4.7646207685289774e-05
4122,0.0004921081955254297,0.00011668379190087644
55146,5.9273695418750986e-05,4.049151454505099e-05
1393,2.2160882413824384e-05,1.4669492675199255e-05
89884,1.2344500920874767e-05,0.0003550553949229028
26520,1.585335601182573e-05,8.687933487171469e-05
1456,5.5761983071348064e-05,1.4323333142645396e-05
203447,3.41937260761942e-05,4.450864806058325e-05
6786,1.063145016324347e-05,2.556692020987327e-05
29765,1.943966538259127e-05,0.00021589262099280752
2677,3.596669874996368e-05,0.00013043940443897538
57574,0.0006492878464360426,9.481847693516772e-05
4668,0.00031884860248468063,3.5080925172854996e-05
9581,6.843980617665092e-05,2.8126586707282947e-05
3890,1.8619447999468688e-06,0.00013503571716730377
6596,0.04112488926002843,7.900051210596691e-05
91893,3.0099909136353572e-05,7.279835149149409e-05
83939,6.343443248397042e-05,3.7403492909412546e-05
867,3.0791559602389696e-06,0.00011368945539873335
197358,0.0003367692539188838,2.620331764038246e-05
4773,4.814161377020635e-05,3.192318709555102e-05
5015,3.086831353312479e-05,0.00033027873370152535
5579,0.00010244237460963335,3.703661455293574e-05
57337,0.000369888121098121,1.4403118926929439e-05
2194,9.018351196302306e-05,1.781143944556928e-05
5394,0.0003757340389910717,0.00011776646915165552
9398,0.0005079035993205371,1.8492445315686787e-05
9201,0.0018919613005606577,1.4763773726432298e-05
3182,0.00016366300863297106,1.7784979224373826e-05
4633,4.622549141777818e-06,9.171594011981855e-05
2222,0.0001611784536613843,7.968158626055185e-05
5621,5.3299909716966375e-05,1.9919109361754848e-05
8992,0.0009111505723928644,0.00020249092853990658
9589,0.0004545169241816875,2.6611898168548718e-05
164592,0.0010308817588893383,2.2408236182379887e-05
199720,3.888347336214104e-06,1.5318989375487537e-05
9033,0.00013389616109008208,3.8544080034557956e-05
4176,0.00020382108548532338,2.293864513074176e-05
51368,0.0009564280311306052,1.71151104487614e-05
132954,5.781889980273455e-10,2.7274244291783227e-05
6857,0.0009752142617081171,3.0048513372068883e-05
1796,0.000947562913238358,5.766419320178554e-05
5191,0.0003924585389567019,0.00010262987634481362
150383,1.3360839811594047e-07,1.7172141333247952e-05
23242,0.0005685450712202196,4.021623332483444e-05
2873,0.0005130653060788223,4.309198736642592e-05
10015,0.07900391856639456,1.7469765934644426e-05
23587,0.0012089693928799172,8.124429671837662e-05
10270,1.0276984044665267e-06,9.836199494462134e-05
25816,4.533035641314482e-06,1.766589256649271e-05
54888,1.6944705525830604e-05,4.8302937930150714e-05
10379,0.00010154698321302556,5.5817394298823556e-05
8431,0.0004371773679138122,7.645603662751839e-05
8330,3.4125591507535116e-06,3.0261448837411984e-05
3064,2.845045781246703e-05,2.301394566134354e-05
2200,0.0029617855342416533,0.0002603614380159406
1472,0.0005048608396138513,6.23781510733331e-05
54704,0.0001805582668536536,1.9811383045226387e-05
5639,0.001244323210461193,4.349401369496645e-05
1241,9.870441976919592e-05,3.307860335390116e-05
10482,0.00043558546677266197,0.00046244248027573485
1948,0.00016373584577836139,0.00011663510829579607
4058,4.102836838995738e-06,1.6439755818858187e-05
125988,4.2229713024366884e-05,1.5044206871336183e-05
55294,1.463637703461129e-05,2.4225515575516002e-05
23229,0.0008325050446022597,4.278291797865794e-05
80010,1.4961673245374956e-08,0.0003962856083783092
5641,0.00019074373836454136,5.476900213526663e-05
84126,0.0005657982295156484,4.527309272024099e-05
3224,0.0004096049654660224,0.00028704326950702126
8409,0.00038594428420892385,8.079869796559047e-05
4756,0.00021217472971260117,4.263287647986991e-05
79368,0.0006784355571077003,7.962678795829162e-05
199777,0.0011185430826538803,9.738470423906129e-05
9567,0.00022932846632063952,2.983197700265812e-05
10842,0.0003322937397505125,5.6856114601184146e-05
23704,0.00015429205471384852,1.5602210884434234e-05
656,0.0010208885037920575,8.808087479955925e-05
27022,3.909136358667603e-05,1.6669607998592383e-05
22826,2.6978311192059524e-06,0.00015085985887418137
576,7.266380054675885e-05,0.00017580067526379054
55777,8.71598347566029e-06,5.7063930862648084e-05
23731,0.00047890250933450043,3.3915866578973906e-05
5611,0.0003161402265041219,6.746215748790157e-05
2997,6.73413069823629e-05,4.385239923537757e-05
10299,5.495915841366492e-05,6.416465084032675e-05
29886,0.00012547263284353366,1.9562598751008396e-05
7592,0.0001715009337834305,6.919531593356557e-05
6304,0.0001312314565244948,9.295725083451087e-05
5315,2.7393284926119086e-05,1.3849637878735108e-05
54439,1.2021249763833616e-05,0.00010795368363763252
7111,0.002875962985010329,6.58179987218332e-05
5741,6.297561265382745e-07,2.56599870698523e-05
6838,0.00015887785811398387,4.199714830396661e-05
4168,3.78248008611641e-05,1.5123270425476494e-05
7182,3.909459751884714e-05,2.126367755219305e-05
84955,7.522909255307726e-05,1.5265548959968693e-05
10021,1.829435302510722e-07,6.34128353696079e-05
1070,1.0229361821188973e-05,0.0001212723564722911
55802,1.8256980261422704e-06,2.105482729716974e-05
129521,0.000165400859949831,3.4944517681865375e-05
2516,1.7346579181531978e-05,3.222815566414899e-05
116173,3.3605218612944276e-05,3.3923149139090285e-05
6014,1.1011427386320099e-13,1.8805223931594168e-05
9640,0.008716960241851052,5.4437404597811256e-05
57504,0.00023946761659832458,1.9135575980717855e-05
9750,1.6476412511554818e-05,2.0935091827039525e-05
6207,0.001965946366278473,4.7722153182773806e-05
4221,0.0002031622550024358,1.649398196946033e-05
9381,0.000379001887348563,1.611165258191362e-05
11185,0.0001224089804206859,2.898537100741784e-05
4973,0.00014727607455887113,2.2274299742028236e-05
440552,0.003949896879046687,1.5044456510676e-05
4899,0.0014661685469565425,4.5405703059498026e-05
4353,8.023242477998259e-05,2.6750184388830122e-05
55160,1.1793110721787068e-06,2.028777772541184e-05
4654,0.00015885976789908578,5.486800495944178e-05
27429,0.00040861675758528107,1.7608058753703066e-05
57708,0.00012445131835187004,3.7059573347412074e-05
347517,2.5894830627194945e-05,0.00012497968900812426
1438,0.00022434620950430477,6.382952944048104e-05
65123,7.579933817752041e-05,1.8612741632981197e-05
23491,1.748001552068413e-05,0.00016068488783968065
5798,9.642880270386128e-06,0.00012962656330767612
55617,0.00022542843979142172,4.589005882542464e-05
11186,0.04576989960796137,4.909786077713294e-05
6422,2.329443405053473e-05,0.000289029226239515
11011,4.5632186499992525e-05,0.00013369971114343877
9894,0.00015991063786221433,1.7619688964855187e-05
59307,8.29167875412285e-05,1.9447958079765187e-05
10093,2.4363523044710174e-05,4.0066762746954754e-05
170622,2.8197843406524267e-06,7.488203879294408e-05
5074,0.0008442544682944688,1.675251564758473e-05
921,0.0001562066609265642,2.2866340506671207e-05
144097,1.051577559809409e-05,0.0001240794582672475
1891,4.746409750567324e-07,0.0001203201895297028
90594,8.076233368255896e-05,2.6979285876927267e-05
64093,0.0006952119829460404,7.605183517526637e-05
3384,0.0004933472628303613,1.5363128595769553e-05
9543,6.334039113601964e-05,3.567749712470226e-05
115677,2.8741959809028908e-05,0.0001846413113920427
124925,3.270084164949703e-07,0.00016827622776892728
1152,0.004193190579637215,4.511230570674005e-05
23005,0.0017330084619827967,1.96121316991072e-05
23288,0.00025557227195193723,2.535887856806072e-05
387755,0.003416497852429645,3.59916254704877e-05
11221,0.0004099045660684472,0.0007222367413840591
84823,0.001745126467971185,2.540216408901333e-05
134,1.7411376614498586e-05,3.499778510528067e-05
10572,0.00018775618925898473,4.5926840354287446e-05
112597,0.0017539132906601099,3.507005130804624e-05
5710,0.00034071695321654234,1.5074133602522703e-05
112483,1.9955938206385744e-05,5.953287828550038e-05
258010,0.001720829955149821,7.192392258403493e-05
54987,3.452113277600511e-05,0.00013158940836120088
23578,0.0005243833307667723,2.10950915572092e-05
348174,0.00017409457740939934,2.0959768362597598e-05
394,0.001837448734382773,1.4324921512972692e-05
5593,0.005261716204468583,3.936797924037876e-05
762,2.3243435174411003e-05,0.00017848066921513246
80011,3.975207152575636e-05,1.5222281600320032e-05
6550,0.000416388381684428,6.424825243752637e-05
6013,0.0013700755692942935,2.063345956014435e-05
55705,0.0003398384848387388,0.0004822734280128763
6000,7.512582084662867e-05,6.134267897337268e-05
827,4.847992858390968e-05,1.435095620544925e-05
5217,0.00012562971056246682,0.00011339520182737123
8411,6.116685914839283e-05,2.0346766655954363e-05
221,0.00021959085756445597,0.00031909369987847923
83538,0.0003110009083113449,0.0001809026049442215
2959,2.945280603175318e-07,7.571484935266407e-05
9276,0.000272281828879993,5.791265802152027e-05
389114,0.0004594797122529754,0.00011425509376347666
8800,0.0003513153235240015,0.0005277376005889373
55521,0.00021656932658704813,7.178937453837936e-05
50488,5.54544403906531e-05,3.519760130048471e-05
727851,5.6923534144605564e-05,2.947733803503846e-05
81557,3.319625263362407e-06,4.5407075920629e-05
5332,0.00014489391615031923,4.0434607564185695e-05
57693,6.748465084712938e-05,4.613872847708126e-05
26289,0.0005611452424322381,2.672006209018718e-05
440498,0.00032068380286412565,9.344866801321426e-05
4066,0.0003071724159207352,0.0001071507466795077
6173,0.00045348527539860057,6.544154274366351e-05
5434,7.85104222975065e-05,2.6365898745061835e-05
151888,0.0001745644599065635,1.9795067173078222e-05
51130,0.0022243067419681125,6.29020227619153e-05
149483,0.00028368758359010915,5.5050020539492406e-05
1675,4.571498824336794e-05,7.474390533622253e-05
22846,2.5487817297951164e-05,3.250729036152106e-05
80204,2.81700703446778e-05,2.8719578316970647e-05
6990,5.06404621197476e-06,1.425348019749011e-05
54567,2.731679394228845e-06,3.16997605659864e-05
57568,0.0008599881064195159,3.6577682298647145e-05
7016,3.154039459501703e-06,0.0001222641829905862
1130,5.334130695708586e-05,6.610813903072617e-05
3300,7.182539244799922e-08,3.796613103329558e-05
374650,0.0014820545817163565,9.495603202096982e-05
79085,6.849709645759731e-05,2.4413105456404177e-05
5173,0.00010587016138892359,6.279877838866879e-05
1213,0.0001578230200436765,0.0002285387050771157
10552,0.0005908014086509374,7.747125932994087e-05
6045,0.0008934044422400723,3.1836929372557385e-05
25871,0.00015400245505928396,3.00399184915441e-05
7205,0.0024110310893140034,3.393817930094475e-05
9929,3.9709186701134786e-05,1.8794348625210958e-05
595,0.00012723247128180768,3.751607649109883e-05
137209,2.9396341048671296e-05,6.506950458749342e-05
1668,3.6610239344611706e-05,1.474900810145892e-05
8850,0.0006560026361298378,4.165709831321218e-05
5100,0.0017743249524415305,0.00012214085111324414
83541,6.839446510188707e-05,1.8227403709301523e-05
5069,0.00016794220130571976,0.00047428146406120836
10376,0.0011910235577798213,2.5556439082288412e-05
8848,7.499758608359399e-07,3.107711227890862e-05
58494,7.559420508661968e-05,4.08276495709049e-05
8329,0.0009904987332293796,1.3702853661691258e-05
4795,0.0016311060093085927,0.00019927406631425757
27247,3.953581945565076e-05,2.253268272503146e-05
915,7.211474615029333e-05,2.4445361839881063e-05
10736,0.00016756748206750945,2.090416274449787e-05
1272,0.004794155236193056,4.392556876461039e-05
1545,0.0007868280695055219,0.00011562262911217742
55728,0.00043857519268189585,2.213299441612591e-05
654231,0.00026672755718237616,1.78904199171685e-05
985,0.00021152912561014098,0.0002228537422458382
51727,5.517828066500105e-05,0.00010245862068199387
3576,6.19382983835945e-06,3.9806540895305384e-05
26271,0.0005505240465329816,4.1137880481325425e-05
84174,5.594386526913496e-06,0.00010223175155169924
8076,4.769881191013664e-05,0.00013767858635575978
23185,4.0630435483313575e-06,1.6676276403558615e-05
6406,7.895084248417973e-06,0.00011364342544043516
8851,1.7802723661528533e-07,6.0503227065939225e-05
2889,0.032495742644326815,4.798639145165706e-05
84678,0.001748636588648595,2.7710627192013386e-05
9328,6.988990492425282e-06,4.8962985971177285e-05
6591,1.4418840484073633e-05,0.00012845736825574448
56904,0.0014022962021217162,1.4242758898701705e-05
1785,0.0005339186439630527,2.8017685665842158e-05
3075,3.3937766739360813e-07,0.00018571120962184763
51764,4.696849237709968e-06,4.6993136603662e-05
6913,0.00010491294029560039,4.184253305284139e-05
5276,0.0006936554259301938,1.6647008360766088e-05
84896,5.714307696514337e-06,4.2847840978784934e-05
162466,0.002995050836091483,0.0003969515823435571
5558,1.4263236299243587e-05,5.6660235395573886e-05
729991,2.3755771381203274e-06,2.170914094072157e-05
4360,3.0659634681318385e-05,0.00025194388802693147
8359,0.0007736042617414844,9.852552786849625e-05
8341,9.127708024512395e-05,1.891046309330064e-05
4218,0.00018056527179258954,4.711190530331868e-05
10247,1.6029551689928684e-05,5.5833460583025514e-05
26133,0.0001750883692549567,0.00014299041343760675
7763,0.0004012064246623984,2.7135607745055548e-05
4684,0.000340604393799858,0.00010906209257488051
5933,0.00011458141344803834,2.4911482188326803e-05
140606,0.0002276936710137432,6.09666128716287e-05
84864,0.006582448305536647,1.85452333453076e-05
3886,0.00015757503249317836,7.027452479487906e-05
117245,2.5981931505506035e-05,4.867589803303022e-05
83743,0.0020121482916437756,6.841000970265055e-05
4998,1.6339396064407356e-05,3.0365810147911042e-05
55763,4.6367210670743e-06,4.941192559656035e-05
9255,0.0009717054495641861,6.878062101379939e-05
4653,4.277294509589025e-07,3.404106637939419e-05
30845,1.6939625695465774e-05,1.486804092128747e-05
9075,0.00026426024222699117,7.577986591095648e-05
5198,3.26155853232519e-06,0.0002904592770261291
5714,2.8385324715732096e-05,0.00029649083761319886
57109,0.0015732387418345654,2.5561799763758625e-05
23621,0.00014101343320798609,1.9731597499032562e-05
9987,0.0007203473834153238,6.0647416995456906e-05
6902,0.00012831494960471176,1.8627854576650946e-05
84103,0.0007884898687778705,2.7848563331484577e-05
10801,0.0009689596141639768,5.295138759167724e-05
57498,0.0007662929272552458,1.9294975598159416e-05
4852,4.235377989749604e-05,1.7977578814815834e-05
55245,0.0005029283022973916,2.3089330837029388e-05
92799,7.042266586715808e-05,2.4836457211352733e-05
29941,0.0024500297525009286,0.00015219117490076337
414899,0.00029328914447208514,3.430862246933027e-05
3067,2.95239798042617e-05,0.00018169560843885727
7827,3.978055617925751e-05,5.083501722125089e-05
407738,0.000620833916250816,8.77430651212795e-05
55379,0.0005429230825019858,9.556463239549137e-05
472,0.000627904791412182,6.166199041733367e-05
954,6.161379263425643e-05,1.4102141227740546e-05
9022,2.5092972025993136e-05,2.379123393378795e-05
705,0.06826387643195475,9.176984628653648e-05
9260,1.6366638845872455e-05,0.0002892124374450571
79693,0.0002656623351174284,0.00016474402949904194
23423,0.0002993422697044068,6.855079151175886e-05
5899,3.343528404308852e-05,2.3707703834240617e-05
9704,0.0008249528373525404,1.6989460763893405e-05
11283,0.00017414953258407722,1.956020020258982e-05
65993,0.0003014938483054964,6.0933974233107044e-05
286053,6.206478984266233e-06,6.533236823553217e-05
5420,9.143049972176676e-06,0.0002998498964372857
10139,0.0004033992985426948,3.155570433436887e-05
8574,0.00031415051059336595,4.523860193799177e-05
23090,5.787605792193092e-05,4.9330609526943794e-05
2323,2.5465480701408675e-05,3.2410230350769495e-05
2162,0.0002370072625682797,0.00010422974196571267
84303,2.2851859807055342e-05,0.00017010083449896105
126328,8.826045043211565e-05,7.087144703709814e-05
51466,0.0005303015727112576,7.769336529851175e-05
7414,0.0022791463411868007,6.85119383531569e-05
79673,1.2278961014398129e-05,6.428203329011148e-05
4814,0.00025259219287812596,2.3001611116966448e-05
6814,0.0004708030172916129,5.987349525304929e-05
5634,0.0037642908995210414,6.286168209259297e-05
90864,2.4817156114815855e-06,6.721379968036203e-05
8625,0.00010806817514688462,0.00010163092902526839
78996,0.0001824563017172332,6.323906754117936e-05
4326,8.821213442974533e-06,1.966790268579706e-05
10825,3.069177468101221e-08,8.68899295753235e-05
8447,0.0013059178578441698,6.799843109078457e-05
10276,2.2448873848036638e-05,5.310563051056196e-05
904,2.4466670867063527e-06,0.00011430839958829961
10755,3.9821795182379466e-07,1.5519688594762622e-05
54902,0.00010752534242669695,4.960902918725936e-05
9425,0.0002044831551451254,4.388884824350196e-05
4926,0.0005117923703690494,1.470252287026772e-05
26135,0.0007201244487807039,2.5447363934992337e-05
4330,0.0003614580460868499,0.00021600156391079052
5141,3.7489452509969966e-06,7.657583617458934e-05
5573,0.00015736623733744642,1.878461876267567e-05
7385,3.698119823946365e-05,1.6860247286758722e-05
2879,0.0024739206214921075,4.4925204883115317e-05
79188,0.0002478011563492662,6.595054227271462e-05
1612,0.003467416870188781,9.380024526784258e-05
81876,0.00010259056345918097,0.00013561589342740558
255967,0.0002187142746570137,2.767668986221607e-05
143241,2.1178978873406306e-05,1.6003089678219853e-05
26229,6.157638760305861e-05,1.4843533267409214e-05
26354,0.0005594152502771826,1.3592904543837557e-05
9114,0.00024159177314660838,0.0005162287167224959
6747,8.320554518927409e-06,5.1678034866214864e-05
3360,2.9512438216761064e-05,2.290096185280077e-05
79075,0.0012568930851736264,3.0161383862786194e-05
8936,8.285033445873009e-05,3.0037285108600486e-05
27034,4.858663048492257e-06,2.7377601421809458e-05
5066,0.00013598965340460843,2.0920974529057433e-05
5742,0.00030390062966514366,3.007214458105066e-05
4741,0.0007871745242940291,7.916097956890704e-05
10735,2.2443253930071152e-05,0.00010478845381200104
6668,0.0004677780623113686,2.803315660387589e-05
9502,4.582292369219931e-07,0.00016517997806354267
23479,0.0028134165581907263,2.891885535359717e-05
27202,0.00018628099379528905,2.6865117049691392e-05
4160,0.00020080899309870006,9.08661103516763e-05
54617,2.3875062999793846e-05,7.160023181585608e-05
5705,0.002151921089003336,3.018707399918734e-05
152816,0.00013096446788463,1.4582598644174677e-05
51230,1.9958304518200272e-05,2.5000209579183853e-05
1345,3.364979294339972e-05,1.5782495287959763e-05
65080,6.012352059648114e-05,9.738470423906129e-05
149986,6.448194164491354e-06,3.8111544939393145e-05
57448,7.975213338569742e-06,4.229930437995377e-05
23287,0.008267696115698027,2.2814654795589788e-05
51123,0.002039695847744681,4.345198071676877e-05
54969,2.8719378829103714e-05,1.316911811455197e-05
286301,0.00025967733896596526,1.3984885810731305e-05
128229,4.2725352537733284e-07,1.628936905353495e-05
80031,6.206522964041388e-07,5.8442027512341635e-05
6621,0.002057845314565538,0.0001165794848423888
1464,1.7325777321384127e-05,0.00028175650096869104
6837,0.0012624403755108332,1.4491869794852837e-05
51684,0.0007734843448778117,1.7200212108306103e-05
2786,4.314571902608027e-06,2.1804293891641034e-05
11014,0.00011721552798452627,1.7586414241924576e-05
10982,0.0004654028087780685,0.00018468913896178138
80380,6.712920006240919e-05,1.49194602566842e-05
23582,0.04571245785448418,0.00018615152903093664
5947,0.0015995929291575319,4.3916722944004734e-05
11091,0.0015649181766446308,0.00012002824723468308
65056,0.000834858917761781,1.679401074491093e-05
26224,3.266811963995742e-05,0.0001168866600482892
8817,0.0001382658203424262,7.434887086764816e-05
51170,5.561052575569935e-05,4.880535999630339e-05
7322,2.44832904466299e-05,0.0002189314888879555
4967,4.725459655440301e-06,1.4843533267409214e-05
8570,0.00018240141364589334,9.980563559326255e-05
66000,2.157730926729728e-06,8.595599693258455e-05
369,0.0018390602393314121,6.588302264949166e-05
10666,0.00041716857345323595,1.7418902946222757e-05
7976,3.778255097142118e-05,3.9714745444604705e-05
5125,0.0026116649128544887,1.6772863437558686e-05
6566,0.0016283556313637538,5.431906333914216e-05
84952,9.482940329842823e-05,5.0161157711126185e-05
150678,3.706068508215366e-07,1.5116636575746392e-05
9859,3.0065556541827832e-05,0.00015501979154973426
55365,0.00010401304749794382,5.144050529928798e-05
51318,2.6820456843099883e-05,2.22844764895237e-05
140459,0.00012056770419187819,0.0001811065327081331
11151,0.0009630313104954883,0.00017952154252986674
10809,3.59432703295469e-05,9.741533348617143e-05
1869,0.0005168778559683153,2.166302037543214e-05
1543,0.0005481715611185019,0.00019554000606341687
8808,0.0006646119182189315,3.440559117135938e-05
5542,0.009924527537374295,1.825814240611017e-05
7780,0.00440074781201229,9.147197015128166e-05
5430,0.005802906564159097,5.627810537585866e-05
11335,0.0019943028749257984,2.593647136986159e-05
58486,8.85433282268933e-05,7.552817022332002e-05
57606,3.473436743293613e-05,4.200165595399779e-05
26279,0.00041880468825773303,0.00011033077790426597
56917,0.00013849877425108756,0.0013403949550508112
817,5.001788468204547e-06,0.0008744309599931047
9275,0.0003108367790626735,1.578490750040886e-05
8178,0.0011066300151491109,0.00023682353873056802
7417,0.00011773939084365348,4.200587607884815e-05
55286,5.701068173528925e-07,2.889139439512793e-05
6275,0.0009027083135334928,7.415917907072222e-05
6342,0.0001308544542290063,1.7750729927609903e-05
57703,7.994954754171028e-05,2.0807119408145497e-05
5424,0.05331132883422853,6.063831647076343e-05
890,3.532641214180768e-05,9.195203647602148e-05
10542,0.000488748049159242,3.3292796918362e-05
10587,0.0003959396236825173,2.8527942370179442e-05
5033,0.0003474047856168116,0.00016455921488994765
130560,2.0302071230332657e-05,2.0729484960626467e-05
8331,2.976067687626255e-07,5.837025199068053e-05
64601,6.4772961875381984e-06,0.0002831114626279094
7447,0.0002480008547252859,3.5255813803810886e-05
56969,0.007997558678465317,3.820620077749679e-05
10111,1.4769923011241066e-05,6.495858765296231e-05
9949,3.226852097623934e-05,5.223612765632089e-05
4209,3.205049393549861e-05,1.9101479731530687e-05
4436,0.0003298223314221099,1.6607406283751378e-05
8417,0.0006451985730352212,1.5217533115552487e-05
3598,0.00012530047897700152,3.93043134070832e-05
7105,0.0007219369803839653,0.00026042420560634677
205717,3.5222424636686046e-05,1.455295483600974e-05
11016,0.0002067501913299149,1.9449026066471555e-05
51504,0.007056892754031479,2.1694755489027318e-05
10147,5.510270011163375e-05,5.508295337784413e-05
23640,0.0003570990342934721,9.9171263141278e-05
9099,0.0016783652696975074,9.477050780110756e-05
1956,0.00043672668616852545,0.0002421090647645587
5295,0.0009210846264790713,1.7957856399458843e-05
8148,0.00039609377713007186,2.8901286416021878e-05
4602,2.416452522851355e-06,0.0007530161048849742
3604,0.0009925390275407945,8.355203418026924e-05
29109,0.0022833383313447283,9.756702986003963e-05
118471,0.0001909695575396321,6.716316009233413e-05
252969,0.0018723937253251892,9.070955967647043e-05
7625,6.613604602517624e-05,8.046205340838555e-05
159,0.00010336219702029589,2.615783503999166e-05
6877,6.336461201117556e-06,0.00018303744622713366
5801,4.986527967880478e-05,0.00017680680452818057
2694,3.720298559942282e-05,0.00038435329807108006
5609,0.0002740998609004965,0.0002060075660387112
4796,0.000578382758794361,1.4651606075560547e-05
8831,3.3675676143108647e-07,0.00011476994066794245
6206,2.1178978873406306e-05,1.5119337139098064e-05
2815,0.0003696500477114298,1.4367299352608206e-05
57616,1.2109048913097387e-05,1.7724503289096405e-05
8439,0.0015292328831734928,5.975604231325366e-05
55272,0.018424292536230024,8.03811373834024e-05
84191,0.0002608139205054398,2.7377601421809458e-05
30010,0.00011844396974137916,4.888582899136131e-05
54065,0.0005484066678515015,6.174937258384149e-05
60496,0.00026925951509087056,4.05923457313281e-05
5971,1.1537085831432585e-05,0.00021109385452183213
219402,2.9065160993183944e-05,7.221992276162848e-05
26033,0.0001429100310893712,8.502141817699458e-05
80725,0.0005377664958514467,1.3841146973151948e-05
10398,1.7960423035335158e-07,3.6922096140337455e-05
64714,2.1646918669894485e-05,1.458812294818714e-05
54539,0.039215927223809025,2.5885838895253475e-05
7040,2.3497214324319806e-05,2.118512006641148e-05
85313,0.0005599049848762128,0.0001026704602462392
51447,0.0004375807699652754,1.7333753410179267e-05
207,0.0011215767992030334,2.4939504274502482e-05
2784,1.2973289839735174e-05,0.00020680582521082012
6654,0.00013790733756651344,3.570208060992079e-05
84152,0.0003435339450607772,1.5255368053256545e-05
10200,7.103173934884559e-05,3.0901324034874394e-05
23114,2.175011477949407e-05,0.00016094895981810185
84272,9.930977302475112e-05,2.4043001654385152e-05
1454,0.00020954737615264468,7.344783392844318e-05
6711,0.0012895822110431453,1.4066731906305657e-05
89885,5.582200629233396e-06,2.3136853251259324e-05
11244,0.0002715936412401797,6.88709385186017e-05
1437,2.7908899715460525e-05,2.2326124758525714e-05
23007,0.00010314401655766809,2.8866113993890022e-05
55100,6.344940978555314e-05,0.00018176164473087905
1418,0.0005409124563684832,1.9043334495896643e-05
80317,0.00021126891308699214,1.4217915881591792e-05
3796,0.0006080241104250847,2.644537809700637e-05
5277,6.15292035638546e-07,9.503495320188124e-05
8822,0.00017343958175079313,2.658640742386138e-05
64837,1.4579724447176285e-05,0.00010425786936352682
891,2.8442381898182933e-06,2.129348097460056e-05
3646,0.00025526413848256076,2.297379066206277e-05
2737,5.60459420420754e-06,0.0002986114796901846
23545,0.0011796924183920018,4.5142152891656464e-05
10598,6.522761821030725e-06,0.00012243342096027732
6490,0.00016129932955677407,1.8645080148183123e-05
121391,7.486390223588e-05,1.549194971279748e-05
92359,0.0001386390465263201,4.712559206347742e-05
79180,1.349840879369435e-05,1.64759782299007e-05
1823,1.1844059077823099e-07,0.0001574142908280167
8925,0.0002885261924940307,3.400813722398637e-05
148327,2.7008388985564614e-05,9.73847042390613e-05
8449,0.00015890526949668995,5.137222270974814e-05
8771,0.00010655664768763344,1.721844531325439e-05
9402,0.000246819241583321,3.3335881261040025e-05
58480,0.00013050453030577863,4.3153534980332534e-05
7184,0.01802019059453761,2.653411448725673e-05
28970,1.4238157874682694e-05,6.45157373664273e-05
5160,0.0005693518394225582,2.8229598044992e-05
9732,0.00012529012890267436,0.00011263761615294864
4052,1.3458819947899285e-05,8.669299876293938e-05
9501,1.243880194447175e-05,3.7633471538191384e-05
54862,0.006393414351418756,5.933672280561265e-05
127557,0.0013695911860671605,0.0003862693210154314
5587,0.05046891036720331,2.7758093803753293e-05
93210,5.1686063604850844e-05,0.00010669908465307275
55785,6.33282498625369e-05,5.792342855795379e-05
89891,0.00011035739785344098,1.464342424930237e-05
8654,0.00020801545479260883,3.0111448420138143e-05
283551,0.0032914555108103857,6.29927746450653e-05
54797,0.00047611615484124747,3.0464006874779397e-05
64328,2.736961347065136e-08,0.00014454740108093176
55664,3.108225618755113e-05,0.00040106378430993347
22809,0.00012737237526022044,4.816948620937388e-05
7915,0.00022156958452671405,1.7446496799748084e-05
374879,2.6084868733238937e-05,3.560464023101169e-05
51015,3.248324978300892e-06,2.3922767702434344e-05
55620,7.043460787438881e-06,3.679093542709718e-05
84888,7.799302659999374e-06,7.32791615692691e-05
10174,8.472358347032552e-06,5.74548889233104e-05
6579,5.352757068813727e-05,1.863708282778862e-05
30827,0.04802149839421535,3.210353495326093e-05
285464,1.4547279488248908e-06,4.371202269628267e-05
56000,1.1396864383071886e-05,2.6416547202090686e-05
11080,0.001113179370647981,3.5218029991282875e-05
282618,2.0646297149500544e-05,4.540124482132835e-05
11074,1.7683151727398878e-06,1.5269528050271216e-05
57715,0.0008473991813935652,3.6818384891532246e-05
4811,0.0007311701084019026,6.029563889474507e-05
978,3.432048498187264e-05,2.584522197199514e-05
54165,1.8045896834050763e-05,0.0002652247055220045
140885,0.0005845941826202284,2.6973537063241004e-05
2771,0.0001939317761516047,0.00015005401341168677
6709,8.581695972752882e-06,7.832842012019056e-05
51013,0.00019240673777293075,6.515738699804606e-05
9392,1.7626766996658436e-05,2.502064578948222e-05
55347,0.00016729747381155857,0.000142568973888987
1356,0.00014726599113251346,2.5332887261810302e-05
672,1.4994802453933767e-05,0.00011433979544151252
132660,0.00019228264453031315,2.5776984869497278e-05
6628,3.9192262285169705e-05,3.4279664559226315e-05
55197,6.42094998076662e-05,3.7492367484581515e-05
56897,0.0005770055991744893,1.514080344839087e-05
5582,0.011647844368527421,2.0492123479900485e-05
79656,0.001548753802996921,1.832185741107316e-05
22856,8.902867167236071e-06,0.00012508502724339177
83706,1.7623253143171884e-05,3.93813223936264e-05
201965,1.2078188214903332e-05,1.49324927445677e-05
56475,0.0003359451043902493,2.5694902098963707e-05
2195,4.075060578557347e-05,3.5471804393749065e-05
55301,3.888347336214104e-06,4.277909471618938e-05
9370,9.133060574752066e-05,0.0004512292221459607
727866,2.5574269577168716e-05,0.00017715761502549768
2219,0.0003098991600926865,1.4676260409054885e-05
55559,0.00014039579463872223,1.556697538989905e-05
27339,0.0006552894682224362,4.227623865391831e-05
114815,0.0012708516211803601,4.284645864900014e-05
2588,0.00027529672798900194,5.789350624681038e-05
1617,0.00010617334387082919,1.766589256649271e-05
342666,8.273725382616895e-05,1.8935109572106763e-05
1488,0.0002689471030166034,2.7941846357324877e-05
266812,0.0001283356853158217,2.5915307003950983e-05
4111,3.0610934144945125e-06,8.814070727062302e-05
80308,0.0016859259821917984,0.00012028600940859854
353376,3.704279670401633e-07,0.00011933085828655376
9683,0.00021693717124494615,6.270857511509399e-05
130872,0.00140005265818677,1.9002519996585916e-05
388,0.00017727364308646896,1.8255921876576508e-05
10438,0.0009857513151544164,1.8879607876632866e-05
3242,0.0019016671836237114,1.7833392429683838e-05
80333,6.443838771539848e-05,2.780829745988075e-05
63908,0.0004841573355588498,5.7754263384156414e-05
11146,5.207678387961107e-06,2.2686082151751357e-05
7275,9.366297963809638e-05,0.00010105599490007626
6606,2.135912861627145e-05,8.486760264537485e-05
10273,2.0472279702873564e-05,2.0309891147028276e-05
54942,1.7623253143171884e-05,6.283790656764125e-05
653067,3.430250647689284e-05,0.00011951051528617449
221823,0.003324305875137329,3.6248257733662994e-05
63971,9.98272402779933e-06,2.393427528191945e-05
79003,7.468726335713066e-06,1.46582931986189e-05
389421,0.006664949247569436,4.5136260553200126e-05
4595,6.70159316244392e-05,1.5184595927123483e-05
5016,5.7836867787236736e-05,3.798978751314777e-05
64240,8.363378123419323e-06,1.554011264005557e-05
9442,0.00010340778417789861,5.526824452386662e-05
8525,0.0014662381395014695,2.798195764823683e-05
990,0.00016304484955470346,9.59379489179766e-05
414318,0.04008290317435185,8.462473381591e-05
57505,2.4866776902517524e-05,1.9041384579946484e-05
11101,0.00039231765413116063,0.00018407537336455492
25758,2.4948667305058123e-05,2.9257488636114238e-05
3311,0.0007661075888315535,4.210738305424919e-05
168451,1.4899185765731307e-05,4.8327702358188e-05
3018,6.962215908678322e-06,2.5104421641855307e-05
4974,0.000775305331868446,4.256430819609511e-05
28511,4.204422589995728e-06,7.956453770815726e-05
5881,4.140694915514772e-05,6.100929714253414e-05
22868,2.3334719856097214e-05,3.131850008768364e-05
1196,0.0002896356847441265,0.00010621396340667247
29969,2.4972717120048684e-05,4.175718420796957e-05
10181,3.3714001528309044e-05,4.8110625385856665e-05
10231,0.0005023540614702984,3.440345952538014e-05
84547,0.0014485467428957328,0.00010148190695367834
2981,2.226397213963271e-05,1.4864430156717695e-05
2044,2.554722859883864e-05,1.440042529965561e-05
5768,6.176790905458623e-06,0.00011809854795594816
653219,0.0003480318408401858,0.0001522631464659642
6756,0.0003642231511363268,4.703185876430057e-05
80829,0.0027104447568375135,2.5639172708331722e-05
54596,2.1884859781623402e-05,3.0172134594029906e-05
55132,0.00047166439540498084,4.960038083135754e-05
4841,9.19270657592842e-06,1.8303465284692242e-05
1636,1.3952564568219814e-05,1.8750308383984417e-05
51257,8.865890026411094e-05,7.15516255103313e-05
160065,5.537447211064048e-06,2.4396927340302402e-05
9578,6.932325930394435e-05,5.347365042011648e-05
151636,0.00028345535776203793,0.00012598937325419837
2885,3.7363108193275595e-05,9.1641282507904e-05
23555,8.841512107537325e-06,9.266600950558486e-05
7014,0.00035822631384880215,3.0082475902505372e-05
92597,3.8494903337373826e-07,7.111748434611521e-05
8877,0.00042032963508997604,3.2915076152654494e-05
11230,3.2687725346245504e-05,4.5651323557153225e-05
23710,1.0450762191138403e-08,1.628800629110446e-05
79140,1.5685452455129054e-05,5.350099220641975e-05
10610,2.7574359253948523e-06,3.4995075809810726e-05
652,4.913038940553543e-05,6.242831891143463e-05
1838,0.0005040414518456447,1.6977445352323006e-05
54974,5.1150005295071906e-05,1.9043334495896643e-05
3171,2.2379226867542988e-07,2.192338500166989e-05
6532,5.176390510021409e-05,1.9100002623756684e-05
7317,0.006545281550736106,5.922569940129736e-05
11330,2.1974499116843613e-05,3.2858804922356825e-05
55861,2.4484885405076907e-05,0.000100500284329022
4664,0.0020730035204279485,3.110169698224772e-05
2152,1.2568954705373555e-05,1.7756584839153205e-05
57646,0.000976681156511643,2.645273723543643e-05
10891,6.4006757885684474e-06,4.052630547526008e-05
10841,0.002149974294103428,3.560042637935964e-05
3665,1.4098961161168856e-06,1.7264618850542184e-05
3112,0.0002616487030570942,8.417283316518765e-05
9542,0.00017068577614450003,4.117149044603928e-05
92129,4.3029439180559755e-05,0.0001516869521456289
80233,0.000391930258866053,2.4411862314444385e-05
6095,0.0006210844439205382,5.3760223777864315e-05
157,0.0009657107691041709,2.8077944540122283e-05
100507436,0.0003207714260225819,5.0078136823299913e-05
220108,0.0028422881504729606,7.550065916737839e-05
474354,5.982672138047722e-05,3.0377337824390306e-05
26153,0.005884167445157661,1.7257670420059028e-05
55554,0.00012399239771215232,5.766316429369764e-05
139793,3.515400003434334e-08,0.00016159240030334565
1010,0.05947142415545919,3.7770956055159125e-05
1302,0.0023610528059344054,0.00014041514021264793
4152,2.850965627945153e-06,1.429730938272906e-05
90589,2.979491468699253e-06,1.9043334495896643e-05
93659,0.00018473257014513367,3.408186446982958e-05
155382,0.002633515762524499,1.8968014779757942e-05
4697,5.0001278490263244e-05,0.00036539682846774404
1120,1.6598416935573495e-06,0.00016685438485735426
64419,0.00010564531069278603,5.142913887470903e-05
51082,0.04564763218964568,1.3863880628602818e-05
5649,0.0009536546389299943,6.000126909016448e-05
57622,0.0011367523948651516,0.00018233009517971055
54102,0.0008064512569519959,1.7650701696562772e-05
51497,0.00011699850842591673,1.508597696550657e-05
5732,0.00021486518585684788,3.49372018323306e-05
1005,0.010270312293351569,3.0204605013118042e-05
83746,0.00010327490784505641,5.46260903701082e-05
149465,0.054609085824960976,9.940410483549013e-05
22978,2.245021782530958e-07,2.800182368180173e-05
2314,0.00011229752325380679,2.0475256155278805e-05
3032,0.0018265143068618127,2.4057175844682674e-05
29107,6.25708461049986e-06,5.818186443341193e-05
55173,4.182578220441385e-05,2.1504068862886045e-05
2863,5.06386039724124e-05,0.00030627887327884285
367,0.000163804455107566,2.2110269740434534e-05
5612,2.7886990444347696e-05,5.135073602675578e-05
9535,5.441369293368717e-07,0.000245121091133084
50628,2.1748994051793962e-05,5.133218424003166e-05
5437,2.5091946661466855e-05,2.6004431342106297e-05
65082,0.0005646749762029311,3.370462227828946e-05
22887,2.4375625438889423e-05,1.53513241144763e-05
27131,0.0016257054982688173,2.6004132365421396e-05
9958,9.230109369383306e-06,3.058025277150372e-05
131377,2.0662710160136067e-05,2.9092781582898e-05
254122,5.765085064490394e-06,0.00023708433022058504
3175,3.798628831750585e-05,2.5369191470583905e-05
1659,0.06815473744031285,4.9366442458971223e-05
8337,9.828881437160365e-06,2.0973840418486757e-05
5426,0.03157470483464701,1.8750806594492066e-05
8165,1.4922298931460745e-05,5.868006049904259e-05
81844,0.0001192789487547421,2.928444065725683e-05
79077,2.4478575507537085e-05,2.6649197994650042e-05
55627,0.0004884026738773523,0.00015138674170628845
220164,1.4091926605228083e-06,3.184521040111716e-05
6217,0.0016401750103523863,0.00011277402710007486
169026,0.00011974688222100003,3.132427332639807e-05
65117,1.7571125845399805e-07,3.8054415255678556e-05
2623,0.0009388283429064414,2.5156997038817618e-05
3818,0.00034357254333356493,0.00014334876762910265
6769,0.00036999120043483265,1.5524835401180137e-05
9559,0.00010304559163547904,0.00011755898171636701
155061,0.02921492697024733,3.9914317083034563e-05
4669,0.0003599170915829474,3.341664568991435e-05
64853,0.0004006671031060938,0.00010909043482786438
50855,8.885061837421233e-05,2.7782506699795883e-05
57018,1.3520660009829646e-06,3.133767895736334e-05
635,1.2278961014398129e-05,6.830889796588197e-05
2965,0.00014500346859083507,5.3935584998877984e-05
3955,1.538639350957705e-05,7.301472450124539e-05
3620,0.000305029081507527,5.343293236238329e-05
339855,3.7170823007976307e-06,6.380893572094459e-05
165530,2.1882587276658264e-05,4.41907323455993e-05
117854,4.592268044104256e-05,1.5112186786921051e-05
6160,6.2204551019738e-05,6.533924800475033e-05
342667,0.0002760195317305879,1.849540056114011e-05
222235,9.179865291226511e-05,4.428193810045989e-05
8516,6.045834229194725e-06,1.8133637959746486e-05
26155,8.545846233440999e-06,3.7059641985420484e-05
152330,8.330669709969025e-05,3.948701415358489e-05
5333,0.0006857044699239307,1.4843533267409214e-05
339745,7.361980817195545e-06,1.2808824519698516e-05
4247,0.0003006813714848468,5.522013645239018e-05
11060,1.702515232047871e-05,1.5031506530779417e-05
1667,2.3540271972315483e-05,3.79937606821049e-05
79814,6.433858938129668e-05,3.0103772424259276e-05
4282,1.1829237498996947e-07,5.136012967866051e-05
54386,7.835302733161416e-05,1.9043334495896643e-05
3656,2.3397996876244456e-07,7.642097992021496e-05
9020,0.00029207163773347733,1.9730406285180963e-05
5504,1.1787386106222483e-06,2.0399123437451638e-05
51686,0.0004959587109177858,2.0763472974122342e-05
8787,0.000533742250573701,1.9929695510194944e-05
79870,1.2786628558360382e-06,5.767183310668821e-05
6011,2.219289529040749e-06,2.3791237747003426e-05
64960,0.0003832969564916063,3.617190347204503e-05
10750,5.372492654299244e-05,2.0347205616092797e-05
126133,4.531449444292095e-05,2.2415183902079987e-05
203259,0.0002768305016185247,0.00012669132514503891
10215,5.893329042484582e-06,2.6576659616940778e-05
25941,0.0002575250420401833,1.5727266808360795e-05
118426,0.0024654749752765328,3.6773076888611494e-05
79446,0.0017009279069398274,1.7363729454830127e-05
160418,0.00367616991768243,2.302638693980309e-05
5009,1.0652471755024086e-06,3.822025590258001e-05
7252,1.7963022975540765e-05,1.2994923542454163e-05
11069,2.5923260766920866e-05,1.5124391151445892e-05
57113,0.00010617079379994523,5.691363707718025e-05
493,8.959134133849513e-06,1.8264985137318882e-05
5506,0.00028603433321335064,6.901239024361829e-05
57763,0.00011142670374523722,5.505410446869747e-05
79800,0.003158493990524758,1.873604662293773e-05
11272,5.903692968413669e-05,1.7802023525891423e-05
51025,3.6763947466110336e-05,5.5334593592727986e-05
2696,6.594686437469804e-06,2.7853952890581987e-05
10495,1.2219898606860003e-06,2.493274257837352e-05
151011,0.00011954931209345979,0.00022599391015980618
2903,0.00010791350539125728,1.7507857118265703e-05
9021,0.0008523667315246487,1.711927300137618e-05
55930,0.000169799902372803,6.271586523862005e-05
170591,0.0023361642778759297,5.096475421509604e-05
9134,0.04221382892732949,8.96615117373201e-05
80790,0.00048030843213621904,3.0528887005421075e-05
3111,4.6431863700801874e-05,0.00010326129536072672
84572,0.0032734052391188194,4.378754397954596e-05
64288,9.702965129768929e-05,3.4667571630640404e-05
23132,4.6751593750377456e-07,0.00016685365113781333
79101,0.0009068780670068089,0.00010114301236336721
79760,0.0027143574696945386,2.975291579501657e-05
2900,8.253311539612518e-05,1.53513241144763e-05
55860,6.569984942616293e-05,3.9367386794065016e-05
84340,2.8090220661866302e-05,5.974330471559551e-05
340654,0.002865949281578878,6.736211407947632e-05
3820,0.0028134165581907263,0.0003500811480769383
7702,1.9440006426092362e-05,3.504156762216594e-05
353132,0.04564630805436908,1.9453639781769444e-05
8361,9.79138362596871e-07,3.258002161986435e-05
63874,0.0001217052432870276,0.0005194608795333736
3429,5.715012772962918e-05,4.3211539099881845e-05
6355,0.00010441010525712226,1.593743982157929e-05
8942,1.755438409424457e-05,0.0001284664548366693
23549,0.0004035536137764783,1.6007661409454547e-05
10307,4.488355197185588e-06,1.3494515147396339e-05
653361,3.62837418613619e-05,3.417933030375142e-05
26015,0.00023110379665255423,2.033378737454129e-05
51585,3.045004773651527e-07,2.1691044780576565e-05
81887,1.1446146837878033e-05,3.6336111670929515e-05
8676,0.0003834043964265001,6.529496769429159e-05
8139,0.08101776902749719,2.9476405625563374e-05
79801,0.0004118303595309146,2.6248546381051558e-05
10773,0.00021465636284522907,1.760379951950221e-05
170850,3.69829736904697e-05,2.2608591679586766e-05
159163,3.74249900173593e-07,9.154172785293572e-05
5562,0.0004006426361127727,0.0004825835534669533
23623,0.0010906014111371164,1.4558620116243611e-05
7980,6.756111771928254e-05,5.510657577807128e-05
5300,8.237442856650981e-06,4.192771415483479e-05
5730,0.0002878399321567006,1.9043334495896643e-05
272,1.9256060673414897e-05,4.706211060178739e-05
6850,0.000552303667344917,0.00014940866754027676
114804,4.428311240876025e-08,7.214547772212238e-05
1767,2.9071255444503886e-06,8.634341290005883e-05
130940,6.962215908678322e-06,2.5311876140650565e-05
5897,0.0007006670106570617,2.6486474786170167e-05
64175,1.0842941963912213e-05,3.716642428885918e-05
29947,6.352565754622693e-05,1.4958928847838276e-05
8828,7.713334419621055e-05,0.00011447834964749514
8572,1.4619912000183323e-07,1.4879911151798536e-05
25824,0.0021739293728179746,2.256822898682383e-05
124590,0.00042866868144412394,6.191115160798959e-05
159296,0.0002058799303960565,4.2355068780553264e-05
26505,0.0013912358424869105,1.766888964426902e-05
9349,0.00045575334839190494,8.445704952254357e-05
54442,2.21638044767975e-05,5.321435086353456e-05
51206,0.00012459195023021693,0.0001136161548926402
51744,0.0002579227774439717,2.4820930939157132e-05
58475,0.00026736786931763005,3.0449793127462936e-05
814,0.00018406387461035724,1.5064468709663928e-05
3931,1.8280571566816904e-05,5.0086792274101455e-05
5151,0.0182581565041142,5.807891610257564e-05
1294,0.00015954985964804447,0.0001288490508365814
3149,0.003054616605255775,4.177005460645848e-05
51306,5.117244228146024e-05,1.8438947016024423e-05
30835,7.143967839139485e-05,0.001386991300548788
353355,1.51056568886254e-05,6.048669663523666e-05
114823,8.209048372412298e-06,0.0006824798809180779
56674,6.073891258407243e-07,2.4691186692018867e-05
57642,6.151097042556708e-05,0.00015472524319890956
6652,7.52049662471367e-05,1.5422040897706292e-05
51105,6.2204551019738e-05,1.8774715170269207e-05
79169,4.6294328587190715e-05,6.301569157310867e-05
514,2.3698146061569638e-05,1.4329873953294685e-05
51608,0.0003317505648116331,4.0733711744591234e-05
7375,5.33273766607828e-06,1.4843533267409214e-05
8216,9.760756116117452e-06,1.9043334495896643e-05
151194,3.404293408213984e-06,2.584074240989457e-05
27246,0.08221651422607237,5.4188250729567015e-05
974,0.00116729270435078,2.15368954570005e-05
8939,7.70811934825906e-06,3.424938624763194e-05
23613,5.002921391490591e-05,1.8635688347861075e-05
255189,6.916258507134768e-05,2.9974573079738125e-05
7189,0.00010303806983030449,1.4057953005135142e-05
23646,2.597461796807854e-05,0.00012041538832510419
6386,0.00022774978008501125,8.619661899575054e-05
23463,1.2913089485915663e-05,1.470905897579383e-05
3745,2.581791712251273e-05,2.944470160649071e-05
23355,0.0002788188474707852,6.427299909815681e-05
9211,3.585125889631751e-06,2.7533057959756032e-05
30819,0.0031988915232671004,7.19100261356645e-05
474384,3.536076615453604e-05,5.407285008871436e-05
55297,0.040224411550465494,1.4699641257903175e-05
65997,0.0001378123838811215,2.8812863187613504e-05
55020,0.001409681049531625,1.492562492682781e-05
23303,3.9812607368295765e-05,0.00023976362794788313
83640,7.514847357478166e-05,7.766549529736756e-05
79736,0.00025258046417073096,0.00024495092554986284
4242,6.940772665911452e-06,6.235114058551544e-05
59340,1.2134003794889236e-05,9.917572320911045e-05
6201,6.599691501630854e-05,1.4644965788370305e-05
118460,0.0003938329702766276,2.4880545589791674e-05
3294,8.535670262633061e-05,3.0654703129822935e-05
1630,1.9951553528389864e-06,9.4244321018679e-05
284391,0.00014939343878470207,1.943419107581253e-05
6590,2.08690061556445e-06,2.9158168517975806e-05
81605,9.349782590576752e-06,1.4452402848898432e-05
1828,3.2591318755055364e-05,3.632125485380906e-05
2668,0.0009668847628579149,6.603573340189306e-05
221044,7.745578276107652e-05,5.420229882551067e-05
171558,5.313904053944124e-08,2.3521303059492853e-05
6595,0.0020806516786132366,4.912747960770573e-05
1645,1.5071113936592864e-05,7.295527214955827e-05
25804,0.0007054056134434957,3.17704773584294e-05
1308,0.0001515106114961527,5.9373589822631826e-05
3845,0.0009249180209932212,0.00014259513565811145
782,5.027356535161648e-06,0.00014797899843614092
10586,0.0001531456462108504,5.1603775909674856e-05
90843,0.00043175375038220955,7.894522204603241e-05
92181,2.954913093883543e-05,5.607344200545513e-05
79073,0.00014094445722793737,1.782589308344848e-05
3753,1.0028997706671175e-05,1.425348019749011e-05
2957,0.00029597468897793987,2.1329770448009663e-05
4986,2.0472279702873564e-05,2.3196040892561804e-05
64682,6.939463078876029e-05,1.5184227580563561e-05
25818,3.3658530689816123e-06,4.5007019977092014e-05
154043,0.0003193165872222627,2.3010728669348752e-05
23424,0.0002505466770490571,3.2866460099356014e-05
6280,0.000469285796404248,0.0002564371096532794
7574,1.4742831151025306e-05,3.203381438092286e-05
2692,9.426661939342722e-05,4.5899129392702115e-05
5694,0.00036524926879649315,3.201239403142399e-05
8720,0.0001972378624705329,2.6462734384113646e-05
5494,0.00040567349014887456,7.589932847752761e-05
93010,4.478684672431872e-05,5.826220061407387e-05
404093,0.0724205702568227,0.0001485179081531511
5522,4.900627929287739e-08,2.7224018552791884e-05
171546,0.0004980153886375415,4.9830721717824815e-05
91442,0.0001269767183948091,0.0003178262209948293
280664,0.0024059909732618446,2.330983538873051e-05
10459,0.00017142666551821939,9.736882485879078e-05
9849,0.022881954619681066,1.5214023067252685e-05
326624,0.0002900763138341987,0.000352242413793956
55296,3.068010129718734e-05,4.7474370171538536e-05
23644,5.5808279637273835e-06,3.861588270614049e-05
84231,0.0006603826985878178,2.3450705728379165e-05
55805,0.0002806541707943458,0.00022883919147755627
3535,8.486964805562697e-06,7.559619486469893e-05
4302,4.415848791658273e-05,6.413155516131228e-05
83593,0.00046476345114103705,1.92132682872709e-05
3678,3.510649961757704e-05,3.71659075831765e-05
5478,2.8063888823125425e-06,0.00010514621096213391
23521,3.124077278725831e-05,5.862092410639964e-05
1138,0.00019277017688272525,5.5406765822228553e-05
2664,4.714975583299669e-05,1.884657836803067e-05
799,0.0018492382078954084,2.167291590988707e-05
57562,0.00019068143045476824,3.0268654222813644e-05
5317,1.9158143520223892e-05,4.7814822120227825e-05
117246,0.00011346428870617648,6.992181603551994e-05
79686,0.00012434943898007175,9.610498229657387e-05
6305,5.582200629233396e-06,4.496053703636067e-05
1368,3.493177728730403e-05,4.3441815093426984e-05
4615,9.395450989506141e-05,1.740961547763331e-05
3626,0.0003681857401158381,1.9043334495896643e-05
10814,0.0003363559666468556,6.423738138251608e-05
30836,8.533740900739443e-05,3.94727253795972e-05
3606,0.00018158007823258353,4.5503131707774666e-05
115704,1.1156834111316539e-05,1.9929695510194944e-05
51002,0.0008992985670634647,5.832297852287516e-05
51231,0.0001311748888387534,2.3190998793585148e-05
9326,1.54064558779284e-05,1.5451124461418654e-05
23270,5.032618231256427e-06,0.0001311499942783402
129807,0.023978366613572034,6.344509185164735e-05
3747,5.414147257248326e-06,2.776884184005508e-05
9202,2.362669759829574e-09,2.3714422466089655e-05
84722,9.842468204205737e-05,0.0002721283856515828
58515,2.0472279702873564e-05,1.4912845391513653e-05
94235,0.00033254399540569654,2.7122306958851955e-05
9087,0.00046801741259861493,4.1506980502552955e-05
54623,0.0005762472436284214,1.554011264005557e-05
283970,0.00016206201159615457,3.526298378437871e-05
55231,0.011525531355335707,0.00013480792102255233
8930,5.028434625911442e-05,0.00012224846661447347
7433,0.0003076373404845424,4.5621774604452374e-05
23173,0.00025997620252578356,0.0002629742720963813
4325,0.0004299699767152288,3.0145218135456628e-05
9063,9.840068004603937e-07,7.386175692533041e-05
10599,1.086389366018993e-05,2.892919798315898e-05
5539,3.359131503061154e-05,0.00010619186243393937
84867,0.0006579704945847152,2.6872999598422678e-05
338692,0.00021544054552917173,1.809105941218156e-05
10120,3.909910728411939e-06,1.5303604436914222e-05
7006,2.4359824881720515e-06,5.1303479653226195e-05
10589,3.807661932637847e-05,8.710094391456274e-05
22900,0.0002318542924261849,7.226445879777592e-05
7153,1.362651581456042e-06,7.575822947094175e-05
257144,3.3182259366542974e-05,1.4788044895545126e-05
192669,0.00025912813316696467,3.921509676704693e-05
54814,0.00031092267360135914,1.7257670420059028e-05
7222,0.002036566794982208,2.7617324305127325e-05
51776,0.0002391526477971249,2.5206341157578393e-05
90133,2.232750589433744e-05,5.0871227738254654e-05
116461,0.0013162938030382276,9.611707669680909e-05
406,0.02262738782802813,0.00023717804649690805
51495,0.00011456297889748059,5.774725200003971e-05
55175,0.003433942455062814,1.4186842370547823e-05
339967,9.247080447573916e-08,9.943132179677216e-05
118424,4.723879376501707e-05,2.6221612807521567e-05
8678,3.8332304128303945e-06,3.1154618040166395e-05
8785,3.60804438969407e-06,0.0008679084953450484
92822,0.008401903372613236,2.7033482611745482e-05
10522,0.00026027575718604045,2.1893723499726826e-05
163050,0.00014238152285752387,2.982106147827714e-05
6622,0.0024786530101765466,6.455528965905702e-05
7265,7.997096953545288e-06,0.00045062925322743655
7134,0.0004203717235590405,5.991196751428197e-05
284312,5.935815877837053e-07,1.5094765419820544e-05
203068,1.751525609171763e-05,3.3627198629235545e-05
64374,0.00027887268427850056,0.00015825538756216253
4690,0.0001868019360586221,1.743134138032159e-05
6675,2.9010041884810333e-05,2.7479951981337577e-05
1903,0.000106594812568438,3.695998246703006e-05
5697,0.00031290698904811777,0.00011260257884538767
5603,9.188346087434644e-08,1.431102759986345e-05
51719,2.5699007743387105e-06,5.408494168433123e-05
29967,0.0014554612579478381,7.362951016274527e-05
6256,6.69616688809283e-06,1.5488686785536524e-05
7306,7.543083533119095e-05,1.613916048269965e-05
93426,8.209804345880009e-05,4.653101596076664e-05
55613,0.00013872598728068472,1.4620860032068281e-05
5911,1.8265637184489256e-05,0.00022474270676829875
5106,1.6682088475479364e-05,7.124633544834682e-05
51246,0.00016865344621832276,2.3258779946847165e-05
11236,1.3495642416886213e-05,4.555568269843283e-05
6708,0.0021593946466471068,4.6094923449587884e-05
91373,2.655942065672065e-07,2.8177290713799386e-05
399670,0.00025258046417073096,1.547009118141284e-05
51474,5.2662687763677666e-06,7.869835729993409e-05
4943,8.972506352979733e-05,1.73575808080894e-05
2147,0.0007749952773503687,1.455295483600974e-05
145226,0.0005529647284492227,1.8968209721404822e-05
27443,0.00038235322559822114,1.9459958279254123e-05
57605,0.0003206067362760465,5.9571926243438505e-05
11276,1.7659932636225069e-06,7.177182847098692e-05
3396,0.001537719349483959,1.5748016044060207e-05
51292,0.000294129961835563,1.871222818206482e-05
6878,0.000567016283783719,2.072809475642592e-05
9509,1.1178563660299317e-05,1.684505569773166e-05
114825,8.548112105813993e-05,3.622567543815831e-05
245812,3.6577393036837253e-05,8.856818058800527e-05
79812,0.0004989090028215178,3.7254678328634385e-05
79159,5.714332632243509e-07,1.4651606075560547e-05
4599,0.00028355666905831685,0.00015645564002378094
143689,1.3581106315727155e-05,1.6436231880713175e-05
23034,1.9440006426092362e-05,2.9390840555801505e-05
54967,0.0013670118187508835,1.4104982507255044e-05
10694,1.1992940896490858e-05,1.593743982157929e-05
388272,3.4485597774425363e-05,0.00010130951061970716
4772,0.0006525736129532348,3.913293135728057e-05
5858,0.00013075555345789443,0.00013022096780095522
51763,3.698119823946365e-05,5.33126521938183e-05
51335,0.006532927876855101,1.3592904543837557e-05
4995,2.3884675012863524e-05,8.791320784130097e-05
5427,0.00014289648280741736,5.2102989335746434e-05
1007,1.3404845005225044e-05,2.921532778374562e-05
79165,0.00037983135683022587,1.4174581366688037e-05
81570,0.00024559236231680946,4.90023186971871e-05
29126,0.0002589644335484098,4.471698920149968e-05
5018,0.0001646462231112555,2.338248639468248e-05
2145,3.170990481372647e-05,5.1590748388867715e-05
125950,0.00031496067974921105,1.7091599359614866e-05
8999,0.0426560352205607,3.8628340087384175e-05
11316,0.038947320523041555,0.00031296728906660983
5348,0.0003865669613735033,2.597462171272805e-05
23760,0.0009395258073030371,5.2568631666864596e-05
84221,6.836244306421753e-08,0.00011207740806941774
9284,6.480085249581464e-06,3.676833491114143e-05
140739,1.9440006426092362e-05,3.171106501787133e-05
3181,6.811819549271516e-05,1.593743982157929e-05
23759,5.620259675184697e-05,3.156110001859496e-05
51380,1.5227650712410823e-05,2.220473235004256e-05
7074,5.176761544402405e-05,4.3467811373937556e-05
2710,0.0028134165581907263,2.0644561602558323e-05
23315,0.0007187558476832542,4.408036992219507e-05
58506,0.028347479721730268,2.206819774648845e-05
4257,2.408626650333062e-06,2.464226017799205e-05
8788,5.999254487474413e-06,0.000589432748908449
57561,2.109649552075677e-06,4.433609716227222e-05
9553,0.0009188085015917586,4.064593790699835e-05
59349,0.0002676861210593564,1.586652433887803e-05
5111,5.361183858470842e-05,2.930472120375578e-05
389136,0.003740494844423246,1.8721338295048468e-05
50863,0.001934508406907112,2.5129594794595005e-05
158046,0.0002964085866021393,0.0005259009659438101
54472,3.528013218738669e-06,4.947346907406963e-05
100293516,1.8171926277537436e-05,2.789624845397028e-05
51574,9.194853402283933e-06,3.005655144585499e-05
5581,2.3945291558051104e-06,1.4231812930535103e-05
5451,4.820986246429607e-06,1.5988033450597954e-05
96459,0.00018430048636562294,4.680445621824315e-05
51106,2.1178978873406306e-05,1.991051295302628e-05
100137049,6.201601066193117e-05,2.5863351924316243e-05
7869,1.7651731987375442e-06,2.7377601421809458e-05
28971,0.000486873433720741,4.805793475402201e-05
5195,0.0005386336375547013,1.528403048871023e-05
2253,2.6347055454701422e-05,0.00011393523706300395
57628,0.001232644799359318,3.792692186608546e-05
201299,2.263932190824114e-06,1.8203104061230087e-05
1114,2.227791650069896e-05,5.520966360069163e-05
694,9.517992412500015e-05,1.797812996704846e-05
9507,1.6061653068223415e-05,6.213864785405646e-05
2107,0.00011968355622497623,3.5394771187748955e-05
114805,0.00023958053928019288,1.4374730304122479e-05
10537,0.00025258046417073096,7.111523308986554e-05
1559,0.006904348022268924,0.0001497309655230896
23180,3.254170785075542e-07,1.455295483600974e-05
147,0.000404692484265989,1.5169219583617326e-05
1756,0.0005384067207131416,6.325576972167609e-05
27333,4.4249908525826e-07,1.774076600649101e-05
11035,0.002000756289044609,9.708679744040277e-05
6779,5.564696219015683e-08,2.2197273851877082e-05
54815,5.505780436078186e-07,0.00017117646396767576
5800,8.391132881312849e-07,2.7997272171100558e-05
26160,1.735835268844751e-06,1.618449204019266e-05
5685,2.2464714778339348e-05,2.398077592327167e-05
401135,0.00036940624261111763,1.729977583802349e-05
4991,5.758013085391817e-05,3.580136705062295e-05
84057,0.0011046426446995965,2.217806509285243e-05
1690,1.9440006426092362e-05,1.4402193721794613e-05
127281,0.00039937285920409594,1.593743982157929e-05
3563,1.831596366218944e-05,0.00030832405201899627
388695,6.4915161232304105e-06,6.089873898977195e-05
100505385,0.00024074650656590892,2.979643068608396e-05
57722,0.00022932846632063952,2.2916769917309203e-05
9220,1.976339339730851e-05,0.0007365374938925342
1731,0.0006518230045463046,4.942897999636287e-05
6404,0.0003539000589867156,1.589533916313685e-05
3326,0.00012363629566099554,2.2439788637467098e-05
9555,6.342241069196483e-05,0.0009532943630576537
552900,1.0345350506621686e-05,7.436274597480487e-05
326343,0.00043408425889155424,7.27979180707609e-05
3127,0.00016540736205199866,1.9227537263478736e-05
10243,0.000195403377013807,2.4401375565030134e-05
50618,0.00035247059602795135,7.571206140101806e-05
163882,1.7843882800391882e-05,5.054941407007823e-05
55276,0.00017210557919808905,1.6191056862712338e-05
83992,1.3199920553311824e-06,5.791620679880879e-05
11135,7.201835217248695e-06,2.893298916039398e-05
10309,0.0001286022948497324,5.094412312120545e-05
715,0.0002990692393850484,1.5256113151756053e-05
80196,0.00021678264778450778,7.784589062063578e-05
92285,2.5699007743387105e-06,3.9170560984050696e-05
5443,6.68593825680723e-06,1.4676515749322872e-05
129685,0.00011352147006846623,3.451671285607931e-05
84832,2.5115086506333742e-06,1.4958928847838276e-05
55626,0.00035789299225800017,1.8958760471589008e-05
11162,0.00033477184886049685,4.8974553407251396e-05
63904,0.00012996276763445244,2.7063054329235797e-05
1088,8.03590384144446e-08,9.447298144104184e-05
3977,0.0004486741456752509,5.100757886506279e-05
11021,0.0002894347443410793,1.5066534711011885e-05
79871,0.0008326393903915981,1.9161900899824605e-05
10452,6.093867446625701e-05,2.9763874743373486e-05
3497,2.463624438050246e-06,3.965910644041979e-05
257202,0.00013272839750233956,2.989347573554672e-05
24139,1.0962520811169093e-05,1.6058165709530415e-05
50512,0.00041283253470901813,1.8402966776907374e-05
64756,0.00010768153720249451,2.4551693335156556e-05
8839,5.241807405325119e-08,2.5332887261810302e-05
55234,0.003491931727114287,1.871222818206482e-05
729873,2.130697528125749e-06,0.0004148643252630308
64102,2.002629503115311e-06,1.4799962556015234e-05
5588,1.9766545033402993e-05,1.4747344634705136e-05
57030,0.00036898059297555547,6.31162839229633e-05
158326,9.723739752936432e-05,4.4560387284771934e-05
23157,0.004933025906630425,4.264358030564337e-05
4952,0.00011984485149407009,0.0012730395234253952
4585,5.578975145091288e-05,0.00024344105425869015
5566,0.00024024854299811265,1.5753767659880934e-05
85456,0.0013516414123533756,7.765483231098492e-05
27430,1.2370332537583409e-05,0.00013614161358372194
29924,0.05771721517493211,1.437610503878728e-05
4170,6.627016669154269e-05,2.7982254100354392e-05
51507,0.0004486937806642558,2.084754624880067e-05
6155,1.4110957515149489e-05,6.814292074089776e-05
85465,6.3516232025160756e-06,6.812510761557459e-05
9361,0.00016622296061018184,1.8502719957621498e-05
51733,3.926163264911838e-06,1.7348898010946512e-05
9148,4.632479553397939e-06,1.8402445646943424e-05
10314,0.0008817981530789843,1.4643820776808439e-05
120534,0.00012760312835019346,0.0002916758074731715
100132565,3.7140941789472793e-06,9.235736902033764e-05
23204,9.35066580164975e-05,2.30280757222608e-05
107,1.3807357410267972e-05,2.578441380067827e-05
1783,5.582200629233396e-06,1.9043334495896643e-05
10195,3.113656185711352e-05,1.9240919046942504e-05
389874,9.511510631721744e-05,2.5439301732123365e-05
115557,0.0002696795663545518,2.4156548229781434e-05
64926,0.0009320374693926315,0.00012529299816157604
3939,4.182632133289351e-05,1.80107354436641e-05
81027,0.0005038275315219044,2.430601209165732e-05
1018,5.221497140223368e-06,1.4648685960378319e-05
221687,0.00011905567146412591,1.4486257348402937e-05
8825,2.3128958314465132e-05,3.0832299428178804e-05
1298,2.911900362009821e-05,2.7999858520089805e-05
81855,4.455388503062161e-06,4.378805890200061e-05
23129,5.317666763489705e-06,9.402902301311594e-05
284,1.7325777321384127e-05,9.481702934985167e-05
254251,1.4547279488248908e-06,1.6408262078619592e-05
5545,0.0385096133550881,3.159899826876034e-05
23107,1.8288571626217377e-05,5.9967619671173854e-05
6843,7.502521999612169e-06,2.312367784253426e-05
115,0.0017529450530960604,0.00028666952780861385
1487,0.00013780811764638236,2.1155854689226724e-05
10335,0.00012642990754804957,1.4031090311893389e-05
81627,2.408626650333062e-06,1.630733434561838e-05
27439,2.6676451406046963e-06,4.8209491844390504e-05
593,0.004220499402248385,0.0010694790949891005
5987,6.103452994418406e-05,1.4571164154916284e-05
4803,0.00012196097738434966,3.512336499209996e-05
55752,0.0008414099190822693,9.650260670442427e-05
1965,7.5942739004423384e-06,1.8503767900496624e-05
80131,3.654311319023951e-06,1.5311302848927684e-05
7737,2.434922162181324e-07,0.00040987904282451844
6036,6.981450384138473e-05,4.960159075274304e-05
3385,1.931290834294245e-05,1.8500336790552006e-05
150084,0.00010568565037638026,4.540709586997799e-05
10551,0.0012528962475426906,2.0325997512715162e-05
8666,0.001130910518350119,9.787719462321979e-05
26586,0.0003278526996335262,5.489932724183787e-05
5926,4.210569840879954e-06,1.929437004857832e-05
55014,0.0002108582253240002,5.2624535127166615e-05
51377,0.00011797290215708757,2.9432819750298104e-05
3972,0.0011878347183067598,0.0001391111891632316
3493,8.21645862576377e-05,1.7411440623801443e-05
100133763,5.163784072376767e-05,1.9444909999832628e-05
5007,0.00041802917679684734,3.1559214195042915e-05
29927,0.0016733377202342809,0.00032204272837713934
3146,0.00011810998775385221,3.8053343949204055e-05
23072,5.523529774205333e-07,3.24090628967122e-05
8995,1.2742328892176574e-05,1.4342854993861505e-05
202,1.5586132477432517e-05,1.5825499811502202e-05
93082,0.02339579449327005,3.705325197693644e-05
8065,6.407772873966927e-05,1.3289861715039711e-05
64792,0.0003938460738039679,4.2472919664379355e-05
23683,0.00030119120461640056,3.620589399912656e-05
430,0.0009234946281334894,0.0002389914699743833
147687,1.3537298926226407e-05,1.8433235027326415e-05
25870,0.06437419467148925,0.00033144242333678294
3609,0.0022591549084075807,0.0001068906479565466
4141,1.6366638845872455e-05,1.558031047929069e-05
27245,1.817586887393366e-05,1.4404416147546483e-05
55013,0.0010597888860542973,9.740108850201545e-05
51138,0.03989830719629885,3.440102531772797e-05
51729,5.458279627104151e-06,1.8393307604004807e-05
11077,0.00027780979116521164,8.720965502057081e-05
57381,0.0003399272813866795,9.324609164205552e-05
94274,4.9856300328519236e-06,1.629515621955554e-05
9552,0.003767612235334988,0.0005503091060237069
7531,8.521229931573144e-05,0.00012400722927037052
56676,0.07058451859987017,0.00041190975738667775
10492,0.0003380685628705397,5.869692554982949e-05
85021,1.4986823903302169e-05,1.5568064937661386e-05
150209,0.0004003447655926729,4.218612389241526e-05
404734,0.0007775104661667879,3.553483170121998e-05
51186,0.0002176393186649745,5.274754989567543e-05
84074,6.75237613952186e-05,3.879205321853989e-05
6284,0.0013249088712917068,0.00011866529552501695
1656,9.586797518146926e-05,0.0001024518572057107
